e-greedy
7088 0.12825751304626465
5304 1.1957614421844482
7088 0.13713741302490234
5339 1.1677839756011963
7088 0.12674403190612793
5342 1.0780436992645264
7088 0.12775421142578125
5287 1.1963222026824951
7088 0.12555241584777832
5334 1.2041051387786865
7088 0.1280956268310547
5330 1.2632269859313965
7088 0.1268177032470703
4616 1.5901751518249512
7088 0.12538933753967285
5302 1.2542214393615723
7088 0.12661075592041016
5343 1.2064974308013916
7088 0.142716646194458
4581 1.8412044048309326
7088 0.14002728462219238
5312 1.1945507526397705
7088 0.12708091735839844
5275 1.1778302192687988
7088 0.11916422843933105
5285 1.0954539775848389
7088 0.1279432773590088
5332 1.2133557796478271
7088 0.12645721435546875
5313 1.208873987197876
7088 0.1268293857574463
5272 1.2964503765106201
7088 0.1258375644683838
5251 1.125267744064331
7088 0.12767362594604492
4604 1.5230977535247803
7088 0.12538743019104004
5281 1.3176727294921875
7088 0.13036060333251953
5310 1.1817100048065186
7088 0.12422895431518555
5290 1.4087889194488525
7088 0.12684321403503418
5200 1.2993416786193848
7088 0.1314985752105713
5328 1.2441215515136719
7088 0.13545441627502441
4411 1.8313136100769043
7088 0.12883734703063965
5270 1.132864236831665
7088 0.12672924995422363
5294 1.0885765552520752
