e-greedy
7088 0.1679368019104004
3886 1.8893892765045166
7088 0.1279749870300293
3886 2.604937791824341
7088 0.13678789138793945
3886 1.7662088871002197
7088 0.13915538787841797
3886 2.0214312076568604
7088 0.1242215633392334
3886 1.8691632747650146
7088 0.12430858612060547
3886 1.8057546615600586
7088 0.12979769706726074
3886 1.9292881488800049
7088 0.12763643264770508
3886 1.8441886901855469
7088 0.14631986618041992
3886 1.934401512145996
7088 0.13066649436950684
3886 1.8968429565429688
7088 0.13028287887573242
3886 1.8795149326324463
7088 0.13053274154663086
3886 1.9727082252502441
7088 0.13878679275512695
3868 1.9240093231201172
7088 0.12859082221984863
3852 1.9148759841918945
7088 0.12340307235717773
3150 2.162083864212036
7088 0.13129782676696777
3507 2.1500625610351562
7088 0.1321101188659668
3700 1.9634654521942139
7088 0.1297309398651123
3200 2.2952401638031006
7088 0.12952947616577148
3269 2.1824796199798584
7088 0.16892266273498535
3176 2.2284138202667236
7088 0.1280503273010254
3029 2.4469234943389893
7088 0.1260385513305664
2885 2.4209365844726562
7088 0.12767243385314941
3095 2.415111541748047
7088 0.14395856857299805
2967 2.4483299255371094
7088 0.1260840892791748
3289 2.1193971633911133
7088 0.12941884994506836
3206 2.4016149044036865
7088 0.12627744674682617
3183 2.330381393432617
7088 0.12641048431396484
3343 2.1451950073242188
7088 0.12637066841125488
3217 2.3526651859283447
7088 0.12990498542785645
3114 2.263043165206909
7088 0.16664767265319824
3327 2.9292702674865723
7088 0.14326167106628418
3281 2.44024658203125
7088 0.15721511840820312
3193 2.3154046535491943
7088 0.1555161476135254
3139 2.175584316253662
7088 0.12792277336120605
3384 2.178896188735962
7088 0.1277904510498047
3301 2.1621346473693848
7088 0.15280365943908691
3193 2.49530029296875
7088 0.15508127212524414
3103 2.5579309463500977
7088 0.13426494598388672
3375 2.1426172256469727
7088 0.12743377685546875
3324 2.1428866386413574
7088 0.1405048370361328
3226 2.1655280590057373
7088 0.14760994911193848
3398 2.321049690246582
7088 0.12735533714294434
3085 2.282292366027832
7088 0.15901780128479004
3356 2.245889663696289
7088 0.130051851272583
3100 2.223707437515259
7088 0.14370441436767578
3330 2.115834951400757
7088 0.15656304359436035
3399 2.24714732170105
7088 0.13733530044555664
3364 2.0862743854522705
7088 0.13522720336914062
4660 1.5905513763427734
7088 0.1540663242340088
3388 2.5491931438446045
7088 0.14702415466308594
3303 2.337933301925659
7088 0.134979248046875
3371 2.082214832305908
7088 0.12354922294616699
4311 1.811690092086792
7088 0.17470526695251465
3315 2.060804843902588
7088 0.12874388694763184
3440 2.1524081230163574
7088 0.1269397735595703
3363 2.191913366317749
7088 0.13161849975585938
4116 1.6504731178283691
7088 0.13297533988952637
3429 2.4905576705932617
7088 0.12807917594909668
4777 1.5722160339355469
7088 0.12812209129333496
3381 2.85860538482666
7088 0.12501955032348633
3449 2.2329587936401367
7088 0.15587520599365234
3363 2.318984270095825
7088 0.12274932861328125
3386 2.191997528076172
7088 0.1248471736907959
4298 1.724604845046997
7088 0.1263582706451416
4244 1.783369779586792
7088 0.16740894317626953
3437 2.3138468265533447
7088 0.12762975692749023
3355 2.068798303604126
7088 0.13498997688293457
3357 2.2700414657592773
7088 0.14055109024047852
3541 1.969132661819458
7088 0.13962125778198242
3592 2.067996025085449
7088 0.13404345512390137
3472 2.764742136001587
7088 0.13820743560791016
3467 2.221118688583374
7088 0.13468551635742188
3404 2.9672164916992188
7088 0.14812493324279785
4190 1.8850829601287842
7088 0.11996054649353027
3481 2.0636343955993652
7088 0.1263432502746582
4797 1.5278401374816895
7088 0.12552118301391602
3482 1.963146448135376
7088 0.12596368789672852
3714 2.0415642261505127
7088 0.13103795051574707
3400 2.0285937786102295
7088 0.12483859062194824
4325 1.7425017356872559
7088 0.12649750709533691
4186 1.7885444164276123
7088 0.16670703887939453
3685 2.201491355895996
7088 0.1343386173248291
3662 2.1439034938812256
7088 0.12726235389709473
3554 2.097607135772705
7088 0.12708330154418945
4722 1.4977502822875977
7088 0.16875743865966797
4144 1.7902982234954834
7088 0.12668156623840332
4749 1.4078388214111328
7088 0.15787458419799805
4127 2.261780261993408
7088 0.129957914352417
4710 1.3974316120147705
7088 0.12951231002807617
4293 1.7619297504425049
7088 0.12733817100524902
3659 2.1049137115478516
7088 0.1262671947479248
3709 1.9073054790496826
7088 0.1259019374847412
5215 1.181105136871338
7088 0.12012863159179688
4569 1.5506031513214111
7088 0.1307542324066162
4267 2.3072893619537354
7088 0.12607598304748535
4192 1.7323071956634521
7088 0.1260225772857666
4241 1.807783603668213
7088 0.1258993148803711
4214 1.6822881698608398
7088 0.12680745124816895
4242 1.6308660507202148
7088 0.13424992561340332
4200 1.716181993484497
7088 0.12542319297790527
4621 1.5624957084655762
7088 0.12561869621276855
3572 1.9166254997253418
7088 0.1333465576171875
4333 1.961876392364502
7088 0.12577223777770996
4253 1.624424934387207
7088 0.14908742904663086
5281 1.2085044384002686
7088 0.1752176284790039
4784 1.5304820537567139
7088 0.13059544563293457
4408 1.7775259017944336
7088 0.1365675926208496
4248 2.415231227874756
7088 0.1257941722869873
4278 1.6846733093261719
7088 0.12785720825195312
4270 1.7810444831848145
7088 0.12705588340759277
3568 1.9784386157989502
7088 0.12557601928710938
3679 2.023677110671997
7088 0.13137006759643555
4468 2.631324052810669
7088 0.1643533706665039
4178 1.711552381515503
7088 0.13556742668151855
3567 1.9794135093688965
7088 0.12476706504821777
4227 1.6578724384307861
7088 0.12686967849731445
4269 1.5800986289978027
7088 0.12512516975402832
4697 1.467341423034668
7088 0.13312983512878418
4305 1.6399757862091064
7088 0.154052734375
2904 2.5250964164733887
7088 0.130568265914917
4218 1.9773540496826172
7088 0.14139842987060547
4300 2.0575263500213623
7088 0.1352405548095703
4312 2.1572563648223877
7088 0.1335160732269287
3660 2.1354057788848877
7088 0.1355750560760498
5272 1.1327683925628662
7088 0.16734075546264648
4100 1.7666425704956055
7088 0.12460875511169434
4565 1.5381019115447998
7088 0.12607192993164062
4182 1.7748630046844482
7088 0.12676048278808594
4628 1.5586166381835938
7088 0.12511205673217773
3453 1.9541587829589844
7088 0.1259016990661621
4700 1.4257707595825195
7088 0.1259603500366211
4110 1.723470687866211
7088 0.12570810317993164
4105 1.6071829795837402
7088 0.12527847290039062
4233 1.682342290878296
7088 0.12995481491088867
4565 1.5688364505767822
7088 0.13105273246765137
4691 1.5941243171691895
7088 0.12440371513366699
4645 1.5202927589416504
7088 0.1263270378112793
3315 2.255160093307495
7088 0.17018723487854004
4227 1.7809584140777588
7088 0.12453937530517578
5270 1.119588851928711
7088 0.12648892402648926
4632 1.3797016143798828
7088 0.16421175003051758
3468 2.0957558155059814
7088 0.1277010440826416
4229 1.6470153331756592
7088 0.16519379615783691
4543 1.5885651111602783
7088 0.12581992149353027
3519 2.123105525970459
7088 0.16821551322937012
4564 1.4048237800598145
7088 0.164994478225708
4176 1.865487813949585
7088 0.12440657615661621
4607 1.440932035446167
7088 0.12518072128295898
4065 1.8118469715118408
7088 0.11993551254272461
4651 1.3783555030822754
7088 0.13194942474365234
5365 1.037086009979248
7088 0.12640881538391113
4146 1.7746500968933105
7088 0.1628403663635254
4562 1.429201602935791
7088 0.12977099418640137
4585 1.4464194774627686
7088 0.12536144256591797
4098 1.7551219463348389
7088 0.12650656700134277
4502 1.437941312789917
7088 0.12727832794189453
4597 2.3620707988739014
7088 0.15000391006469727
5323 1.1937711238861084
7088 0.12500643730163574
4579 1.5427205562591553
7088 0.1240835189819336
4615 1.445016860961914
7088 0.1274256706237793
4612 1.509108543395996
7088 0.12935638427734375
4461 2.3924715518951416
7088 0.13034796714782715
4579 1.5050544738769531
7088 0.13221955299377441
4572 1.648521900177002
7088 0.13048863410949707
4917 2.043992757797241
7088 0.13410639762878418
4184 2.1620535850524902
7088 0.14358019828796387
5423 1.235915184020996
7088 0.16367197036743164
4591 1.4636445045471191
7088 0.1610276699066162
4663 1.4942302703857422
7088 0.12701177597045898
4599 1.7130780220031738
7088 0.12919831275939941
4606 2.1808040142059326
7088 0.1487579345703125
4631 1.387754201889038
7088 0.13661956787109375
4682 1.7757115364074707
7088 0.12536001205444336
4552 1.5871071815490723
7088 0.13051462173461914
4591 2.419912815093994
7088 0.12252378463745117
3266 2.3042073249816895
7088 0.12541699409484863
4553 1.4554412364959717
7088 0.12864995002746582
4522 2.360605478286743
7088 0.1386256217956543
4588 1.9610881805419922
7088 0.1663222312927246
4549 1.5322425365447998
7088 0.12833905220031738
4510 1.459737777709961
7088 0.12614798545837402
4591 1.611741065979004
7088 0.12429571151733398
4530 1.5240042209625244
7088 0.13095974922180176
4564 1.441624402999878
7088 0.12722110748291016
5324 1.057332992553711
7088 0.12679600715637207
4596 1.6123542785644531
7088 0.17506003379821777
5200 1.30192232131958
7088 0.1312558650970459
5391 1.127366542816162
7088 0.12518548965454102
5387 1.1614410877227783
7088 0.12607693672180176
3746 1.903221845626831
7088 0.12468624114990234
4527 1.5220081806182861
7088 0.12707185745239258
4563 1.5035276412963867
7088 0.12781119346618652
4601 1.4531867504119873
7088 0.12570571899414062
4698 1.573728084564209
7088 0.12567424774169922
4539 1.5928277969360352
7088 0.1258549690246582
4589 1.5567173957824707
7088 0.1247856616973877
5358 1.1369397640228271
7088 0.12583017349243164
5324 1.0727448463439941
7088 0.12544512748718262
3446 2.0772454738616943
7088 0.12791919708251953
5344 1.050015926361084
7088 0.12472701072692871
4577 1.5492408275604248
7088 0.12700486183166504
4549 1.6135473251342773
7088 0.1261141300201416
4647 1.5372798442840576
7088 0.12570905685424805
5133 1.438579797744751
7088 0.13055825233459473
4508 1.6027307510375977
7088 0.1335620880126953
4532 2.217637538909912
7088 0.12437653541564941
4485 1.6808228492736816
7088 0.12757635116577148
4508 1.4686882495880127
7088 0.13463711738586426
4610 1.5230393409729004
7088 0.16742849349975586
4535 1.5378506183624268
7088 0.15576553344726562
3983 1.8751349449157715
7088 0.13228797912597656
3172 2.4216339588165283
7088 0.12682580947875977
4562 1.6104989051818848
7088 0.1265876293182373
3084 2.436445951461792
7088 0.12593936920166016
4536 1.514620065689087
7088 0.12946033477783203
4050 1.8900072574615479
7088 0.1259784698486328
4441 1.560596227645874
7088 0.13765263557434082
4096 1.6891450881958008
7088 0.1276552677154541
4548 1.6051928997039795
7088 0.12703275680541992
4608 1.5704867839813232
7088 0.13045072555541992
4551 1.6552081108093262
7088 0.12591814994812012
4554 1.533216953277588
7088 0.1257469654083252
4498 1.5572898387908936
7088 0.12677550315856934
4631 1.482551097869873
7088 0.13143205642700195
4572 1.4969100952148438
7088 0.12360644340515137
4577 1.6490402221679688
7088 0.12519097328186035
5392 1.155548334121704
7088 0.12516474723815918
4611 1.5983164310455322
7088 0.1262354850769043
4678 1.4317455291748047
7088 0.12751364707946777
5412 1.075850248336792
7088 0.12879276275634766
4648 1.5176711082458496
7088 0.12550973892211914
4704 1.4319045543670654
7088 0.12438273429870605
4514 2.5053272247314453
7088 0.12517762184143066
4535 1.5126078128814697
7088 0.1270761489868164
5378 1.674551248550415
7088 0.12847685813903809
5395 1.1212713718414307
7088 0.1242220401763916
4529 1.5223486423492432
7088 0.12572121620178223
4520 1.5287296772003174
7088 0.12505173683166504
4593 1.5799849033355713
7088 0.13065457344055176
4502 1.5604298114776611
7088 0.12911391258239746
5420 1.1064674854278564
7088 0.1313788890838623
5305 1.249507188796997
7088 0.12357783317565918
4015 1.9018981456756592
7088 0.13103079795837402
4562 1.5429582595825195
7088 0.1251070499420166
4557 1.544546365737915
7088 0.12707781791687012
4520 1.4489445686340332
7088 0.12638640403747559
4513 1.4843685626983643
7088 0.12611174583435059
4546 1.610102653503418
7088 0.1259915828704834
4558 1.4392166137695312
7088 0.12812542915344238
5329 1.140423059463501
7088 0.12954449653625488
4498 1.617565393447876
7088 0.1312847137451172
4628 1.5083982944488525
7088 0.16175127029418945
5351 1.148087978363037
7088 0.12344241142272949
5349 1.1966514587402344
7088 0.13358497619628906
5350 1.5706446170806885
7088 0.1585240364074707
5391 1.1650960445404053
7088 0.1304464340209961
4518 1.657475471496582
7088 0.16763091087341309
4456 1.5410547256469727
7088 0.12991118431091309
4543 1.6327264308929443
7088 0.1751086711883545
4571 1.5576972961425781
7088 0.12654447555541992
5342 1.0546255111694336
7088 0.16230511665344238
5344 1.1915993690490723
7088 0.12818455696105957
5350 1.0655250549316406
7088 0.12583065032958984
5394 1.0665926933288574
7088 0.1278679370880127
5358 1.2081799507141113
7088 0.13126087188720703
4733 1.4948804378509521
7088 0.12250065803527832
3732 1.8663032054901123
7088 0.12700629234313965
4553 1.5372307300567627
7088 0.17834925651550293
3793 2.001852512359619
7088 0.13144397735595703
5340 1.898707389831543
7088 0.1402888298034668
5350 1.138573169708252
7088 0.1573493480682373
5405 1.1104967594146729
7088 0.1272907257080078
5416 1.0744030475616455
7088 0.12552189826965332
3270 2.452244997024536
7088 0.16946172714233398
4584 1.4893701076507568
7088 0.12242341041564941
3254 2.1724846363067627
7088 0.15776968002319336
4518 1.6514782905578613
7088 0.12737131118774414
3257 2.2678887844085693
7088 0.12640738487243652
5323 1.13950514793396
7088 0.12541556358337402
5325 1.1376385688781738
7088 0.1306467056274414
5364 1.0644519329071045
7088 0.12619686126708984
4469 1.5362827777862549
7088 0.12627863883972168
3328 2.4401230812072754
7088 0.12752151489257812
4323 1.798731803894043
7088 0.12535643577575684
4632 1.59279465675354
7088 0.12560534477233887
5401 1.0409576892852783
7088 0.1262655258178711
4733 1.3797593116760254
7088 0.12683939933776855
5406 1.0480518341064453
7088 0.12848186492919922
5374 1.1007015705108643
7088 0.1258258819580078
4501 1.7284314632415771
7088 0.12625694274902344
5379 1.0607717037200928
7088 0.1274399757385254
4430 1.4850623607635498
7088 0.12539243698120117
5373 1.0413541793823242
7088 0.13445496559143066
5285 1.94246506690979
7088 0.12733149528503418
4748 1.5467102527618408
7088 0.13402175903320312
5208 1.1282265186309814
7088 0.13294005393981934
5319 1.3508515357971191
7088 0.12739992141723633
4491 2.1410722732543945
7088 0.13849210739135742
5289 1.1523184776306152
7088 0.12507939338684082
5315 1.137491226196289
7088 0.12813448905944824
3588 2.0642175674438477
7088 0.1263434886932373
2620 2.53255558013916
7088 0.12645530700683594
5263 1.2217657566070557
7088 0.12746238708496094
5346 1.085541009902954
7088 0.1266312599182129
5389 1.1545515060424805
7088 0.12578248977661133
5288 1.1916282176971436
7088 0.1260817050933838
3123 2.3470664024353027
7088 0.12670207023620605
4128 1.739715337753296
7088 0.12810063362121582
4524 1.685112476348877
7088 0.12228202819824219
5319 1.2354846000671387
7088 0.12479257583618164
4469 1.64424467086792
7088 0.12636113166809082
4482 1.6423580646514893
7088 0.12914180755615234
4505 1.5377354621887207
7088 0.16281628608703613
4532 1.6915440559387207
7088 0.12489104270935059
4483 1.6985199451446533
7088 0.1296839714050293
5389 1.594862937927246
7088 0.12492895126342773
5355 1.134922742843628
7088 0.17596888542175293
4443 1.6769366264343262
7088 0.12751173973083496
5370 1.1118865013122559
7088 0.1284627914428711
4495 1.6774330139160156
7088 0.13013029098510742
5369 1.0797374248504639
7088 0.12505793571472168
5364 1.0497848987579346
7088 0.1259758472442627
4479 1.5421221256256104
7088 0.12642288208007812
4108 2.7752432823181152
7088 0.16339516639709473
4413 1.653608798980713
7088 0.13547587394714355
4555 1.6489944458007812
7088 0.14700818061828613
3956 2.198928117752075
7088 0.13211774826049805
4531 2.030087947845459
7088 0.13943052291870117
5370 1.1789133548736572
7088 0.1258399486541748
4511 1.5069293975830078
7088 0.12654805183410645
5361 1.1205613613128662
7088 0.12505626678466797
5335 1.1103668212890625
7088 0.12759637832641602
5375 1.1253910064697266
7088 0.12453937530517578
4199 1.8686788082122803
7088 0.12726640701293945
4612 1.5531401634216309
7088 0.1261427402496338
4361 1.7023746967315674
7088 0.1273486614227295
5402 1.0482981204986572
7088 0.1262063980102539
5319 1.2029454708099365
7088 0.12551283836364746
5268 1.2264206409454346
7088 0.13220691680908203
4598 1.5961723327636719
7088 0.13384437561035156
4502 1.6963913440704346
7088 0.14122891426086426
5339 1.1420505046844482
7088 0.1310408115386963
4539 1.6264328956604004
