e-greedy
325 0.18654704093933105
456 0.1721031665802002
495 0.17389583587646484
387 0.17963790893554688
554 0.1699674129486084
376 0.18239736557006836
466 0.17770051956176758
380 0.17940640449523926
351 0.18250370025634766
430 0.17771410942077637
380 0.1788623332977295
379 0.17792940139770508
517 0.16991972923278809
502 0.17068123817443848
417 0.17597341537475586
364 0.18266558647155762
357 0.17938637733459473
360 0.18422937393188477
497 0.17573809623718262
451 0.17530155181884766
572 0.16814327239990234
318 0.1792769432067871
475 0.1744978427886963
333 0.17877769470214844
386 0.17813611030578613
374 0.17853617668151855
469 0.17492222785949707
332 0.17738819122314453
390 0.1781294345855713
652 0.16516399383544922
356 0.18028593063354492
354 0.1801919937133789
373 0.18320322036743164
370 0.17882323265075684
396 0.17675542831420898
592 0.1697986125946045
396 0.17682695388793945
478 0.17476677894592285
340 0.18194580078125
572 3.0590736865997314
425 5.264987945556641
699 4.737645387649536
