e-greedy
511 0.18151450157165527
334 0.1793830394744873
470 0.177703857421875
364 0.18372154235839844
527 0.17264723777770996
413 0.17744112014770508
431 0.1781783103942871
369 0.1845088005065918
351 0.1785447597503662
570 0.17038464546203613
501 0.1688830852508545
467 0.17575740814208984
461 0.17783021926879883
488 0.17326569557189941
531 0.16826438903808594
415 0.17899417877197266
529 0.17368340492248535
398 0.1750950813293457
411 0.1780698299407959
485 0.17199397087097168
419 0.17452096939086914
374 0.1763300895690918
441 0.17697882652282715
320 0.17815279960632324
416 0.17753291130065918
436 0.1771526336669922
482 0.17202258110046387
533 0.17047405242919922
482 0.1758251190185547
343 0.18021225929260254
361 0.17223668098449707
409 0.1762855052947998
522 0.17011427879333496
486 0.1758568286895752
498 0.17251062393188477
554 0.17254066467285156
408 0.17659926414489746
445 0.17425251007080078
465 0.17642688751220703
364 2.0617971420288086
