e-greedy
575 0.178938627243042
354 0.211989164352417
353 0.2119605541229248
411 0.20188665390014648
384 0.19725847244262695
410 0.20062708854675293
356 0.2051379680633545
400 0.2031998634338379
447 0.19783663749694824
358 0.20441079139709473
398 0.19949030876159668
523 0.191206693649292
469 0.1987159252166748
344 0.2035050392150879
581 0.19034981727600098
398 0.2020711898803711
362 0.20310091972351074
462 0.19843840599060059
430 0.19936537742614746
380 0.19860434532165527
526 0.19723963737487793
478 0.17050647735595703
352 0.18369436264038086
350 0.18246865272521973
456 0.176069974899292
413 0.17859148979187012
437 0.17678260803222656
411 0.17886900901794434
429 0.17659521102905273
346 0.18314552307128906
650 0.166456937789917
435 0.17699885368347168
442 0.17735743522644043
428 0.17885518074035645
459 0.17331385612487793
340 0.18568801879882812
496 0.17269396781921387
320 0.18585419654846191
329 0.18045520782470703
421 3.825765609741211
534 4.802194595336914
345 5.073352813720703
580 4.682158708572388
348 4.748829126358032
384 4.569432020187378
426 4.435868501663208
284 4.347759962081909
374 4.237607479095459
406 4.173421621322632
463 4.116551637649536
346 4.202833890914917
250 4.233374357223511
289 4.245654821395874
370 4.147716999053955
375 4.343294143676758
461 4.2330474853515625
380 4.2389585971832275
401 4.277082681655884
414 4.280582904815674
417 4.240530490875244
415 4.200953483581543
450 4.246268033981323
465 4.3288726806640625
367 4.310184717178345
498 4.121095180511475
399 4.152187824249268
407 4.282499074935913
368 4.234138011932373
439 4.26812219619751
441 4.337731599807739
495 4.678695201873779
350 4.7317259311676025
501 4.515869617462158
450 4.536577463150024
554 4.16702127456665
613 4.100235939025879
540 4.565449476242065
468 4.426553249359131
417 4.633738040924072
381 4.388760328292847
391 4.386385917663574
436 4.2824482917785645
504 4.153999090194702
411 4.377053260803223
466 4.48741888999939
398 4.859684228897095
442 4.485045671463013
394 4.563829660415649
413 4.635640859603882
460 4.70181131362915
525 4.501086711883545
428 4.55048942565918
382 4.500915765762329
450 4.5026984214782715
448 4.353273630142212
388 4.369947195053101
676 4.034690856933594
406 4.4919538497924805
437 4.439374208450317
654 4.675102710723877
427 4.845881938934326
617 4.414870262145996
410 4.294973373413086
582 4.2412109375
414 4.342035531997681
530 4.475491285324097
433 4.35344934463501
579 4.514618158340454
422 4.354812145233154
420 4.3814027309417725
400 4.396703004837036
393 4.620691537857056
596 4.323986530303955
425 4.474926948547363
551 4.147225618362427
543 4.192410469055176
348 4.395747184753418
425 4.40879487991333
579 4.173577785491943
761 4.067466974258423
391 4.330832242965698
432 4.429644346237183
616 4.139296531677246
616 4.241642713546753
461 4.502639055252075
688 4.018818140029907
430 4.4998619556427
403 5.092771768569946
451 4.408252954483032
727 4.031071901321411
546 4.325281381607056
529 4.199322938919067
420 4.355998277664185
457 4.514552354812622
875 4.150124788284302
733 4.201446771621704
605 4.250053882598877
646 4.17630934715271
441 4.39417028427124
692 4.119640827178955
512 4.287974834442139
391 4.461970806121826
567 4.374341011047363
738 4.102091550827026
666 4.2543785572052
614 4.275824546813965
841 4.082738876342773
798 4.769832611083984
666 4.178577661514282
498 4.375169992446899
427 4.5758233070373535
436 4.56168270111084
398 4.563365936279297
470 4.40446400642395
812 4.064883708953857
385 4.482422590255737
477 4.362371921539307
403 4.4061079025268555
881 4.139410734176636
876 3.9524145126342773
823 4.305274724960327
377 5.304886102676392
808 4.667376518249512
708 4.39652156829834
671 4.225633859634399
481 4.421300411224365
661 4.17548680305481
755 4.078053712844849
637 4.126556158065796
827 3.933318853378296
877 3.9125635623931885
377 4.393931150436401
760 4.091128587722778
598 4.202798843383789
856 3.9300098419189453
624 4.158339023590088
630 4.26408576965332
768 4.069799423217773
377 4.427357912063599
666 4.19277548789978
511 4.300817966461182
419 4.35855770111084
562 4.31541895866394
825 4.111389875411987
529 4.156894683837891
561 4.168088912963867
729 4.071098566055298
524 4.263027191162109
414 4.5229339599609375
843 3.945626735687256
801 4.02570366859436
384 4.617372989654541
586 4.377362012863159
618 4.149272441864014
495 4.249075651168823
799 4.0436060428619385
625 4.514537811279297
572 4.241389036178589
840 3.9860689640045166
813 4.0463807582855225
681 4.205951929092407
583 5.23477840423584
895 4.027229070663452
545 4.27256965637207
682 4.49222731590271
367 5.159837245941162
876 4.131471157073975
589 4.258110523223877
675 4.2337775230407715
631 4.172475814819336
674 4.825112581253052
454 4.547846555709839
845 4.165659189224243
484 4.432621002197266
727 4.858039379119873
879 4.035412311553955
369 4.428125858306885
495 5.19830322265625
578 5.098714113235474
652 4.236589670181274
822 4.025684356689453
536 4.3643574714660645
856 4.092784881591797
869 3.947401523590088
841 3.9594995975494385
521 4.285227060317993
907 3.968792200088501
683 4.3112781047821045
559 4.233316898345947
810 3.9815175533294678
614 4.232916831970215
324 4.59623908996582
705 4.108349084854126
621 4.117424488067627
325 4.325662851333618
718 4.2313244342803955
614 4.351281642913818
440 4.363834619522095
385 4.262357950210571
777 4.101430416107178
678 4.232303857803345
602 4.2119200229644775
405 4.347931385040283
443 4.450223207473755
867 4.15226149559021
541 4.268354892730713
892 3.970503807067871
348 4.386187553405762
670 4.296202182769775
323 4.624535322189331
778 4.183444499969482
455 4.380375862121582
884 3.9775400161743164
845 3.9825546741485596
616 4.157501935958862
587 4.288688659667969
574 4.2556445598602295
822 4.003650665283203
884 4.003811836242676
380 4.7213757038116455
687 4.16283655166626
881 3.9219794273376465
759 4.077105522155762
834 4.073955774307251
570 4.267878532409668
756 3.9949944019317627
816 3.973097801208496
835 4.005751848220825
897 3.968158721923828
813 4.218360662460327
792 4.05018424987793
761 4.084725379943848
801 4.954227685928345
858 4.127787828445435
717 4.970779657363892
760 4.180137634277344
810 4.075496673583984
556 4.711416244506836
331 4.517383813858032
803 4.014896631240845
674 4.203409433364868
779 4.091838359832764
818 4.036365509033203
820 4.042998790740967
668 4.214800119400024
872 4.002167701721191
715 4.200312614440918
845 4.024978876113892
883 3.92050838470459
834 4.046080827713013
481 4.474134206771851
754 4.220113515853882
816 4.1852126121521
526 4.337134599685669
419 5.483770847320557
815 4.1869378089904785
299 4.522169589996338
890 4.1624250411987305
708 4.303942918777466
729 4.215086936950684
832 4.1075356006622314
875 4.073491096496582
579 4.254987001419067
720 4.280643701553345
506 4.527097940444946
871 3.9713330268859863
750 4.167210817337036
905 3.9991307258605957
744 4.114638328552246
863 4.708410978317261
508 4.5409417152404785
892 4.11986231803894
813 3.9727704524993896
509 4.6609275341033936
851 4.033198118209839
489 4.5855560302734375
868 4.064355134963989
789 4.1502180099487305
600 4.2206504344940186
611 4.402181625366211
778 4.053608417510986
891 3.9183788299560547
758 4.18082594871521
855 4.046067237854004
591 4.3911237716674805
532 4.2160484790802
866 4.005803823471069
882 4.03702974319458
468 4.451941013336182
826 4.055699110031128
693 4.1282196044921875
851 3.935485363006592
863 4.123668193817139
348 4.659406900405884
888 3.93027663230896
739 4.251924276351929
684 5.042221307754517
743 4.240145921707153
858 4.116909503936768
899 4.055119752883911
336 4.606527090072632
801 4.017945766448975
835 4.100906610488892
785 4.082283020019531
386 4.481796979904175
869 3.9353580474853516
837 4.1303064823150635
894 4.020005226135254
857 3.940260410308838
345 4.3941404819488525
576 4.224488735198975
696 4.272597312927246
713 4.132554769515991
498 4.261447191238403
812 4.123253345489502
857 4.264836549758911
873 3.977294921875
380 4.419287443161011
737 4.101263999938965
845 4.073518991470337
684 4.267971038818359
693 4.244011878967285
883 4.428353309631348
892 4.340632200241089
746 4.358290672302246
820 4.308619260787964
424 4.639038562774658
388 5.4461400508880615
845 4.119636535644531
718 4.073414087295532
790 4.073407411575317
859 4.01434326171875
871 3.988528251647949
530 4.37584376335144
850 3.9803354740142822
835 4.080643892288208
637 4.272645711898804
842 4.140425205230713
804 4.147828578948975
835 4.021111011505127
354 4.614280462265015
521 4.438591480255127
468 4.316148042678833
