e-greedy
586 0.2000105381011963
385 0.20373106002807617
443 0.2021172046661377
458 0.19947266578674316
613 0.1875162124633789
333 0.20744872093200684
316 0.20233535766601562
309 0.2049098014831543
557 0.19183874130249023
405 0.20053648948669434
363 0.20782208442687988
494 0.19720792770385742
496 0.1992933750152588
416 0.19954347610473633
404 0.20176458358764648
404 0.2019181251525879
457 0.199981689453125
460 0.19899702072143555
504 0.1932227611541748
338 0.20982074737548828
652 0.18515729904174805
512 0.19967937469482422
566 0.17345881462097168
417 0.17943954467773438
623 0.17870688438415527
374 0.20661044120788574
447 0.19441819190979004
442 0.1981210708618164
415 0.2001490592956543
590 0.19100642204284668
371 0.2078850269317627
377 0.20025396347045898
465 0.19599699974060059
576 0.19117426872253418
371 0.2458019256591797
499 0.20531821250915527
348 0.20844078063964844
448 0.19651222229003906
383 0.20066356658935547
459 1.8315956592559814
609 4.381464958190918
769 4.218396902084351
706 4.465358257293701
805 4.182897329330444
835 4.15060019493103
850 3.9818522930145264
826 4.007255554199219
842 3.9051294326782227
827 4.119947910308838
828 3.995751142501831
880 3.7994720935821533
720 4.113409757614136
855 4.034619331359863
880 3.8399813175201416
843 4.06441068649292
818 4.106069564819336
878 3.886504650115967
840 4.1869797706604
855 3.9395220279693604
873 3.92598295211792
826 4.238363027572632
810 4.06868839263916
858 3.9703614711761475
858 4.063019514083862
871 3.964670419692993
