e-greedy
571 0.20010018348693848
656 0.18520450592041016
374 0.20383787155151367
300 0.2074882984161377
455 0.1998460292816162
473 0.195112943649292
547 0.19492697715759277
483 0.19421839714050293
496 0.19756269454956055
621 0.18818330764770508
345 0.20417022705078125
414 0.2037665843963623
487 0.1964399814605713
345 0.2059032917022705
451 0.1998896598815918
415 0.20040440559387207
310 0.20670342445373535
568 0.18996453285217285
439 0.19846773147583008
369 0.20597171783447266
357 0.20483708381652832
470 0.19422006607055664
384 0.20667314529418945
357 0.2064495086669922
469 0.19986629486083984
371 0.20771360397338867
425 0.20273733139038086
458 0.19926667213439941
371 0.20346832275390625
604 0.18814563751220703
455 0.19974994659423828
316 0.20946669578552246
367 0.20064306259155273
489 0.19658946990966797
427 0.20150470733642578
408 0.2035362720489502
379 0.20160222053527832
348 0.20762133598327637
449 0.20042777061462402
401 2.01474928855896
446 4.443503141403198
776 3.976416826248169
598 4.158761262893677
490 4.38735556602478
831 3.858099937438965
825 3.829420328140259
549 4.159599304199219
654 4.000022888183594
554 4.284188508987427
841 3.8275110721588135
797 3.875648260116577
812 3.7557103633880615
776 3.8791298866271973
490 4.090854644775391
725 4.055091381072998
880 3.6340651512145996
635 3.9630677700042725
755 3.732374906539917
759 3.7909996509552
550 3.8948774337768555
870 3.6339707374572754
645 3.9324793815612793
857 3.6805202960968018
810 3.795079469680786
383 4.079482793807983
534 3.926576852798462
825 3.707353115081787
329 4.2981696128845215
843 3.6562609672546387
728 3.7861649990081787
846 3.667468547821045
719 3.7644202709198
658 3.8247175216674805
778 3.767730951309204
833 3.700441598892212
608 3.8884897232055664
836 3.719644069671631
444 4.102525949478149
813 3.745112180709839
838 3.696659803390503
361 4.261243581771851
822 3.7915127277374268
738 3.8040952682495117
849 3.6795787811279297
870 3.6034793853759766
815 3.754121780395508
844 3.699092388153076
840 3.676475763320923
861 3.6895980834960938
821 3.7287285327911377
857 3.675966262817383
636 3.909564256668091
857 3.649604082107544
492 3.9799976348876953
411 4.1942079067230225
622 3.942164659500122
885 3.6392199993133545
404 4.202073335647583
834 3.6823861598968506
836 3.6837239265441895
841 3.63796067237854
888 3.639159917831421
603 3.915584087371826
840 3.6868553161621094
835 3.634760856628418
842 3.646440267562866
832 3.683208703994751
832 3.6470894813537598
810 3.6882481575012207
859 3.621835708618164
833 3.666262149810791
752 3.766124963760376
762 3.722072124481201
897 3.5868659019470215
854 3.6446008682250977
838 3.5859432220458984
828 3.6079089641571045
800 3.688868522644043
496 4.001536130905151
830 3.7004635334014893
868 3.6259024143218994
866 3.675746440887451
859 3.6094675064086914
858 3.6392552852630615
830 3.6180636882781982
693 3.9110639095306396
832 3.6829042434692383
834 3.6172568798065186
834 3.6450490951538086
742 3.726135730743408
780 3.6652071475982666
782 3.652270793914795
860 3.637878656387329
781 3.6628384590148926
828 3.666098117828369
824 3.6676857471466064
540 3.932835340499878
457 4.031182765960693
702 3.7645444869995117
690 3.7652058601379395
796 3.7010765075683594
869 3.5749685764312744
315 4.0385870933532715
838 3.659446954727173
845 3.68338942527771
890 3.5644373893737793
769 3.789966344833374
334 4.245385408401489
863 3.5702013969421387
477 3.9167304039001465
848 3.5887365341186523
890 3.5638720989227295
780 3.7053163051605225
809 3.6011953353881836
843 3.608582019805908
577 3.80818510055542
805 3.6083831787109375
793 3.6785857677459717
628 3.9030020236968994
832 3.622492551803589
840 3.616485357284546
551 3.836979866027832
751 3.694667339324951
840 3.581357002258301
380 3.9153149127960205
758 3.647392988204956
777 3.7114126682281494
691 3.7947967052459717
891 3.562366247177124
346 3.9897003173828125
818 3.6016786098480225
880 3.558934211730957
894 3.568030595779419
667 3.87292218208313
784 3.627528429031372
834 3.6377370357513428
409 3.9407382011413574
815 3.6555323600769043
790 3.666346311569214
846 3.604565143585205
536 3.967860221862793
893 3.501821994781494
438 4.1165337562561035
845 3.6154298782348633
852 3.559474229812622
752 3.6960840225219727
845 3.574599504470825
570 3.9071006774902344
814 3.649728536605835
871 3.596585988998413
797 3.671869993209839
896 3.5489561557769775
842 3.612391471862793
858 3.589238405227661
861 3.5867180824279785
720 3.759023427963257
867 3.5812809467315674
835 3.6373629570007324
806 3.622077465057373
920 3.5626842975616455
823 3.664785861968994
267 4.019643068313599
687 3.757302761077881
620 3.754608631134033
787 3.681872606277466
863 3.565889835357666
874 3.6053366661071777
511 3.968276262283325
843 3.6292777061462402
881 3.625051736831665
820 3.7491960525512695
705 3.673983573913574
726 3.707108736038208
805 3.661080837249756
689 3.762199878692627
828 3.654268980026245
806 3.646941900253296
858 3.614943265914917
834 3.5999064445495605
772 3.751586437225342
852 3.694751024246216
392 4.011475563049316
486 4.044461727142334
850 3.6078829765319824
722 3.6833930015563965
445 3.930576801300049
832 3.5977048873901367
751 3.679598808288574
576 3.804298162460327
814 3.595701217651367
863 3.5887069702148438
632 3.6935598850250244
898 3.5536491870880127
842 3.6237330436706543
880 3.5629966259002686
849 3.602703094482422
737 3.69032883644104
861 3.6426451206207275
836 3.664114475250244
797 3.691006898880005
813 3.613429069519043
810 3.612739086151123
840 3.64385724067688
851 3.6062355041503906
845 3.6232388019561768
761 3.686595916748047
864 3.592017889022827
769 3.6832001209259033
874 3.5954411029815674
810 3.624075412750244
843 3.6245713233947754
895 3.5529274940490723
857 3.6370508670806885
660 3.8071534633636475
889 3.5584843158721924
785 3.688573122024536
870 3.5857348442077637
809 3.66898250579834
850 3.6238434314727783
827 3.586402177810669
836 3.6251773834228516
442 4.06694483757019
893 3.5928213596343994
696 3.7725651264190674
476 4.091597557067871
823 3.6799745559692383
848 3.631392002105713
792 3.728483200073242
856 3.650010585784912
794 3.6387314796447754
894 3.5620808601379395
884 3.6068034172058105
903 3.581747531890869
859 3.5702738761901855
843 3.6040754318237305
855 3.617912530899048
755 3.7500314712524414
861 3.560387372970581
818 3.6663200855255127
831 3.614421844482422
871 3.5613455772399902
828 3.6087050437927246
784 3.6658174991607666
835 3.607509136199951
851 3.5919721126556396
768 3.6665689945220947
733 3.7588675022125244
800 3.6661086082458496
787 3.6651718616485596
847 3.6226677894592285
844 3.624666690826416
885 3.5440456867218018
896 3.571709394454956
838 3.6483988761901855
804 3.645875930786133
739 3.6735892295837402
729 3.8209474086761475
854 3.6015546321868896
325 4.12035346031189
816 3.6208510398864746
838 3.58846116065979
805 3.770017385482788
893 3.5702624320983887
385 3.936675548553467
871 3.6109797954559326
869 3.5809991359710693
399 3.985969066619873
872 3.554949998855591
840 3.665264844894409
840 3.5652852058410645
788 3.6340203285217285
711 3.666104793548584
338 4.017736196517944
898 3.520085573196411
857 3.599107265472412
840 3.604290723800659
294 3.9756383895874023
829 3.6673176288604736
830 3.6805002689361572
903 3.5347096920013428
862 3.5866641998291016
851 3.607849359512329
862 3.5861175060272217
848 3.6491341590881348
842 3.615661144256592
647 3.7471487522125244
806 3.6848666667938232
818 3.6465396881103516
573 3.7284014225006104
882 3.585932731628418
678 3.7558493614196777
894 3.5589218139648438
849 3.6405060291290283
713 3.8240299224853516
803 3.6144914627075195
854 3.6316077709198
668 3.7505669593811035
855 3.618255376815796
814 3.6454169750213623
814 3.675842046737671
843 3.626519203186035
849 3.658681631088257
858 3.58709979057312
873 3.6119117736816406
524 3.9563567638397217
623 3.8668222427368164
830 3.63092303276062
817 3.6283535957336426
604 3.8664073944091797
773 3.739185333251953
715 3.7797303199768066
859 3.5886576175689697
486 3.923624038696289
789 3.687150001525879
843 3.601426839828491
780 3.6864147186279297
852 3.634467363357544
811 3.688173532485962
880 3.59578013420105
370 4.054411888122559
870 3.5782358646392822
756 3.7508702278137207
799 3.6495838165283203
834 3.6291375160217285
608 3.6789917945861816
812 3.6869351863861084
868 3.596226692199707
865 3.5674214363098145
783 3.685638666152954
497 3.837423324584961
877 3.5801069736480713
830 3.6949462890625
553 3.773360252380371
711 3.738703966140747
832 3.6290760040283203
856 3.601732015609741
491 3.922860622406006
759 3.7488067150115967
832 3.630131483078003
752 3.6791257858276367
821 3.651494264602661
445 4.064852476119995
743 3.728006362915039
872 3.560866117477417
845 3.6185808181762695
643 3.739949941635132
813 3.6723110675811768
860 3.6169252395629883
742 3.6413469314575195
805 3.643078088760376
857 3.5845947265625
859 3.564307928085327
701 3.7745141983032227
620 3.748826742172241
819 3.610867500305176
848 3.59087872505188
844 3.6102027893066406
818 3.647371530532837
717 3.6972343921661377
785 3.708005428314209
848 3.62725830078125
840 3.5758492946624756
850 3.57761287689209
533 3.838322162628174
701 3.7198235988616943
827 3.6299805641174316
832 3.6296679973602295
324 4.030841112136841
639 3.7259700298309326
399 4.000826597213745
801 3.6416847705841064
760 3.645392417907715
669 3.79597806930542
449 3.8483643531799316
452 4.046335220336914
853 3.646900177001953
658 3.78615403175354
790 3.654693603515625
853 3.5777854919433594
854 3.576059579849243
448 3.9131081104278564
880 3.5767405033111572
811 3.6966359615325928
684 3.7919762134552
830 3.624774932861328
710 3.7718231678009033
439 3.933922290802002
518 3.8698465824127197
860 3.643913507461548
874 3.5968093872070312
807 3.5942556858062744
854 3.5669009685516357
722 3.702430248260498
346 3.9137041568756104
837 3.584808588027954
800 3.6716361045837402
846 3.579352378845215
827 3.6462666988372803
853 3.6055147647857666
463 4.0250244140625
817 3.6289925575256348
841 3.617177724838257
733 3.768296957015991
765 3.6446115970611572
857 3.6489434242248535
844 3.6365692615509033
690 3.728128433227539
616 3.7878737449645996
845 3.6335129737854004
340 4.046567678451538
812 3.623131513595581
848 3.610708475112915
860 3.591590642929077
875 3.580484628677368
829 3.6198675632476807
878 3.5869598388671875
849 3.599165201187134
436 4.001615762710571
714 3.764497756958008
824 3.606740951538086
825 3.6532411575317383
779 3.6834468841552734
765 3.6774542331695557
782 3.6917896270751953
849 3.6932764053344727
840 3.65693998336792
838 3.626605272293091
867 3.612639904022217
773 3.7318906784057617
857 3.6020028591156006
841 3.6494266986846924
862 3.591780185699463
857 3.614811658859253
804 3.7056992053985596
873 3.6104824542999268
682 3.8083271980285645
858 3.6167044639587402
852 3.5868468284606934
860 3.5773227214813232
841 3.647770643234253
768 3.6763298511505127
855 3.570266008377075
817 3.6692607402801514
866 3.627129554748535
817 3.619927406311035
855 3.608794927597046
830 3.5897057056427
872 3.5982871055603027
816 3.6279022693634033
890 3.6045806407928467
740 3.7637178897857666
877 3.578590154647827
826 3.665328025817871
888 3.5606958866119385
818 3.581235647201538
774 3.7090747356414795
825 3.591787099838257
323 4.112289667129517
846 3.6085503101348877
883 3.602909803390503
795 3.6315228939056396
850 3.557626724243164
837 3.619056463241577
514 3.8088605403900146
876 3.5960726737976074
832 3.5682857036590576
865 3.5691230297088623
318 3.8773386478424072
817 3.6055068969726562
739 3.6794044971466064
862 3.6104414463043213
851 3.5773353576660156
827 3.6160945892333984
797 3.62933349609375
757 3.7382028102874756
873 3.5928211212158203
818 3.6187219619750977
813 3.7052431106567383
679 3.7670137882232666
905 3.569047689437866
786 3.6663193702697754
825 3.646637439727783
590 3.7571723461151123
702 3.747734308242798
695 3.746755838394165
822 3.5940256118774414
874 3.5968527793884277
838 3.5585718154907227
497 3.8783719539642334
851 3.5827414989471436
439 3.9097084999084473
888 3.5507562160491943
879 3.6028268337249756
903 3.5248806476593018
797 3.6312031745910645
799 3.674959182739258
882 3.542240858078003
868 3.5672824382781982
843 3.61824107170105
859 3.5688018798828125
581 3.79490327835083
884 3.5692942142486572
834 3.633896827697754
869 3.5509610176086426
863 3.5547449588775635
811 3.624117612838745
857 3.6033403873443604
852 3.5577008724212646
827 3.654771089553833
850 3.613358497619629
813 3.639781951904297
809 3.6288809776306152
824 3.6658499240875244
654 3.785831928253174
835 3.6308319568634033
816 3.65097975730896
754 3.691486120223999
859 3.575157880783081
781 3.749495506286621
795 3.6600189208984375
843 3.624354124069214
805 3.6577320098876953
803 3.5985920429229736
644 3.7271955013275146
814 3.6676676273345947
783 3.6567909717559814
750 3.7302024364471436
841 3.623546600341797
861 3.588054895401001
916 3.5261309146881104
825 3.644397258758545
746 3.7077720165252686
851 3.582075595855713
843 3.5832622051239014
812 3.6484487056732178
693 3.6633388996124268
877 3.568281412124634
828 3.6126699447631836
776 3.6382217407226562
750 3.743238925933838
466 3.942573308944702
686 3.8469669818878174
831 3.6829521656036377
844 3.653973340988159
585 3.8194971084594727
841 3.604069232940674
868 3.5500295162200928
844 3.5774364471435547
869 3.571859359741211
792 3.6533071994781494
297 3.961369752883911
414 3.940032958984375
818 3.680234432220459
817 3.607977867126465
847 3.6528093814849854
852 3.609819173812866
863 3.593013286590576
289 3.8920717239379883
617 3.7630574703216553
818 3.6041078567504883
861 3.5856990814208984
839 3.625528335571289
779 3.609738826751709
816 3.6588730812072754
826 3.6447269916534424
870 3.584036111831665
846 3.62321400642395
870 3.5808606147766113
840 3.574497699737549
704 3.750687837600708
815 3.663691282272339
847 3.601918935775757
855 3.5939624309539795
847 3.5945286750793457
828 3.614595890045166
859 3.584113121032715
859 3.6000919342041016
882 3.590761661529541
833 3.6281166076660156
829 3.621032476425171
863 3.6078951358795166
837 3.628103256225586
835 3.6730902194976807
856 3.6185498237609863
418 4.00068211555481
859 3.600762128829956
867 3.6361701488494873
876 3.58305287361145
905 3.602677583694458
681 3.684011459350586
845 3.6230897903442383
909 3.531954288482666
883 3.585732936859131
845 3.62038254737854
854 3.564951181411743
852 3.6273553371429443
805 3.6446187496185303
851 3.624603033065796
883 3.573129177093506
810 3.6733264923095703
829 3.657949209213257
370 3.961341142654419
816 3.6685538291931152
821 3.6857821941375732
835 3.5988574028015137
834 3.634509801864624
842 3.64015531539917
870 3.56126070022583
720 3.7451651096343994
694 3.7453503608703613
818 3.658578634262085
850 3.6031153202056885
808 3.7203736305236816
889 3.5400235652923584
637 3.772108316421509
850 3.6016652584075928
883 3.5566275119781494
855 3.6112663745880127
863 3.597241163253784
731 3.790768623352051
857 3.620757579803467
856 3.556818962097168
776 3.6679723262786865
859 3.633747100830078
537 3.8586840629577637
499 3.942967653274536
590 3.794668436050415
842 3.6742091178894043
882 3.5716447830200195
830 3.6158828735351562
837 3.607065200805664
378 3.9110872745513916
684 3.7251741886138916
876 3.5404675006866455
649 3.748258352279663
820 3.6687796115875244
665 3.7524495124816895
653 3.7397513389587402
590 3.770012140274048
843 3.651893377304077
829 3.645120143890381
878 3.589552879333496
890 3.5339062213897705
863 3.6284878253936768
857 3.553987979888916
843 3.603954792022705
798 3.6474194526672363
846 3.61110782623291
859 3.6170477867126465
831 3.5903215408325195
859 3.5802252292633057
755 3.7117831707000732
812 3.672881603240967
851 3.6052401065826416
808 3.638916254043579
851 3.5917890071868896
794 3.6138389110565186
784 3.604487657546997
790 3.6717636585235596
826 3.6520392894744873
893 3.5587403774261475
793 3.6308724880218506
853 3.6519486904144287
861 3.616546154022217
350 3.901799201965332
884 3.6297607421875
836 3.6193034648895264
812 3.6210241317749023
789 3.6490089893341064
838 3.595621347427368
623 3.799694776535034
599 3.7981061935424805
471 3.9133524894714355
793 3.6360890865325928
845 3.6300573348999023
488 3.834712505340576
862 3.647629737854004
881 3.540926933288574
450 3.895643711090088
490 3.7698333263397217
846 3.5778329372406006
838 3.6188223361968994
932 3.5731232166290283
858 3.5709567070007324
849 3.6491384506225586
772 3.6552698612213135
340 3.8629324436187744
574 3.8356220722198486
873 3.576596736907959
859 3.5610852241516113
858 3.590424060821533
857 3.61688232421875
366 3.9191014766693115
879 3.592458486557007
837 3.6404261589050293
789 3.7092831134796143
852 3.6524713039398193
846 3.614412546157837
871 3.5707952976226807
789 3.6214497089385986
298 3.899819850921631
853 3.5967414379119873
716 3.6883602142333984
796 3.6872475147247314
429 3.861403703689575
836 3.637282371520996
811 3.647411346435547
820 3.639716148376465
781 3.6892411708831787
842 3.664065361022949
806 3.5963850021362305
865 3.554366111755371
767 3.659806728363037
821 3.6772196292877197
854 3.5612714290618896
558 3.7977499961853027
847 3.612407922744751
858 3.5862367153167725
794 3.6312835216522217
833 3.5926260948181152
864 3.626455068588257
791 3.6876943111419678
770 3.6806070804595947
533 3.825951337814331
856 3.6197404861450195
777 3.6669154167175293
882 3.587117910385132
845 3.573146343231201
820 3.630030393600464
724 3.719053268432617
892 3.5768826007843018
707 3.7515881061553955
862 3.56673264503479
886 3.5882983207702637
849 3.663468599319458
829 3.6116631031036377
815 3.630038261413574
330 3.883348226547241
827 3.6373610496520996
816 3.6567208766937256
788 3.648486614227295
790 3.678663969039917
843 3.687103271484375
784 3.6616599559783936
831 3.639244318008423
832 3.5794997215270996
868 3.6042444705963135
846 3.607450008392334
791 3.6386592388153076
820 3.6481680870056152
858 3.586412191390991
774 3.68815541267395
716 3.6998953819274902
809 3.6466071605682373
519 3.864431381225586
885 3.5889954566955566
786 3.5730535984039307
816 3.652744770050049
798 3.6896252632141113
839 3.608572483062744
814 3.670586347579956
819 3.661815643310547
893 3.591270685195923
838 3.630120277404785
873 3.548821449279785
825 3.6332318782806396
834 3.592388391494751
847 3.6044414043426514
862 3.5864248275756836
807 3.6299538612365723
821 3.655240774154663
810 3.7011566162109375
794 3.658522129058838
819 3.6475939750671387
713 3.772150754928589
324 3.9947450160980225
654 3.7692718505859375
759 3.6966798305511475
773 3.7034811973571777
770 3.6254544258117676
843 3.6688952445983887
862 3.6270503997802734
873 3.563211679458618
833 3.626918077468872
766 3.678668737411499
808 3.631080389022827
839 3.6146912574768066
881 3.563093662261963
756 3.7086844444274902
811 3.6180291175842285
882 3.554842472076416
307 4.016111850738525
823 3.6536474227905273
774 3.6470844745635986
861 3.613452434539795
812 3.6382579803466797
771 3.6715474128723145
798 3.675786018371582
798 3.582481861114502
794 3.6609127521514893
885 3.5919363498687744
755 3.73901104927063
811 3.5809340476989746
811 3.6523194313049316
884 3.553877353668213
844 3.5956592559814453
721 3.7121148109436035
868 3.595806837081909
853 3.59639835357666
829 3.6653103828430176
844 3.564210891723633
856 3.5897152423858643
883 3.6080596446990967
426 4.029965400695801
531 3.8000564575195312
845 3.6157405376434326
763 3.6688120365142822
821 3.686779022216797
863 3.601691961288452
837 3.580569267272949
830 3.6756718158721924
803 3.64215350151062
887 3.553722858428955
807 3.644869565963745
881 3.561483144760132
877 3.5834436416625977
845 3.543964147567749
826 3.6165778636932373
847 3.6065666675567627
812 3.6043384075164795
829 3.613682985305786
825 3.59214186668396
866 3.6063122749328613
867 3.5479307174682617
862 3.59645938873291
844 3.588229179382324
835 3.607706308364868
843 3.614362955093384
755 3.6410791873931885
870 3.587841510772705
867 3.5729174613952637
897 3.557368040084839
443 4.017154693603516
818 3.6335794925689697
859 3.5961906909942627
815 3.659818649291992
844 3.5874814987182617
898 3.5706300735473633
453 3.992400646209717
862 3.61407732963562
873 3.578258752822876
862 3.5910775661468506
828 3.6149017810821533
902 3.544517755508423
389 4.118533372879028
853 3.5967514514923096
809 3.6740596294403076
868 3.5526070594787598
849 3.6168270111083984
802 3.656815528869629
851 3.6034717559814453
554 3.8610146045684814
752 3.6654109954833984
830 3.632423162460327
820 3.593554973602295
862 3.571497678756714
836 3.6162683963775635
807 3.6388676166534424
814 3.632490634918213
736 3.7073252201080322
818 3.632456064224243
840 3.6319615840911865
910 3.52396297454834
877 3.5789713859558105
836 3.6238081455230713
610 3.821429491043091
875 3.59045147895813
788 3.661411762237549
852 3.584357261657715
822 3.6376140117645264
624 3.803342580795288
829 3.5847041606903076
641 3.7898244857788086
720 3.7894585132598877
812 3.6330788135528564
857 3.6106741428375244
857 3.6152126789093018
853 3.653409242630005
837 3.649066925048828
880 3.5601296424865723
853 3.603346109390259
661 3.733654022216797
812 3.650419235229492
872 3.5870397090911865
762 3.7058091163635254
867 3.682715892791748
743 3.740112781524658
768 3.720595359802246
711 3.701967477798462
859 3.5849742889404297
761 3.6736385822296143
876 3.567552089691162
818 3.6647603511810303
873 3.5858545303344727
838 3.64681339263916
804 3.6451706886291504
453 3.9896645545959473
871 3.5767440795898438
823 3.642534017562866
814 3.637467622756958
881 3.573591470718384
899 3.5930962562561035
901 3.5587971210479736
831 3.6256351470947266
816 3.5798399448394775
900 3.537741184234619
840 3.577639102935791
545 3.8342418670654297
828 3.6600451469421387
869 3.606823682785034
423 3.936128616333008
738 3.7072699069976807
806 3.6566824913024902
840 3.563798427581787
842 3.576688051223755
700 3.7035160064697266
840 3.592952013015747
870 3.647365093231201
731 3.662649154663086
774 3.668154716491699
865 3.5709145069122314
875 3.5877788066864014
866 3.5644474029541016
811 3.6225650310516357
789 3.666151523590088
860 3.5926547050476074
879 3.6068203449249268
851 3.6073598861694336
822 3.6340603828430176
880 3.6232376098632812
820 3.693575859069824
746 3.6915299892425537
341 4.030467510223389
828 3.667903423309326
722 3.6847212314605713
853 3.5893304347991943
840 3.623919725418091
813 3.6060218811035156
893 3.548973560333252
854 3.5862059593200684
908 3.540118932723999
891 3.6011455059051514
843 3.578073740005493
831 3.5808589458465576
889 3.5497729778289795
830 3.6439120769500732
867 3.560271978378296
896 3.5665087699890137
889 3.5582995414733887
884 3.5389773845672607
882 3.548150062561035
865 3.619166612625122
843 3.58728289604187
864 3.5462121963500977
841 3.6061830520629883
514 3.8944990634918213
895 3.5765321254730225
803 3.62803053855896
863 3.584097146987915
794 3.605036735534668
866 3.581566095352173
831 3.6541194915771484
565 3.815601110458374
793 3.6196699142456055
863 3.603508472442627
907 3.5402135848999023
843 3.638340711593628
890 3.5719475746154785
857 3.6007959842681885
868 3.577507495880127
824 3.675666570663452
560 3.823621988296509
772 3.726810932159424
851 3.5621237754821777
804 3.611196994781494
862 3.5975089073181152
849 3.6140143871307373
869 3.594541549682617
808 3.6340599060058594
891 3.550670623779297
874 3.5379247665405273
812 3.6379804611206055
824 3.5540947914123535
803 3.671760082244873
853 3.6028738021850586
506 3.870281934738159
863 3.5634047985076904
896 3.538280487060547
835 3.5999622344970703
837 3.6304259300231934
785 3.6854398250579834
849 3.5821070671081543
735 3.638615608215332
865 3.6690046787261963
697 3.7180638313293457
890 3.537123441696167
751 3.7026150226593018
824 3.639172315597534
700 3.6831328868865967
532 3.794142007827759
836 3.637871742248535
713 3.7090296745300293
856 3.6193172931671143
816 3.5917465686798096
858 3.559807777404785
785 3.6724131107330322
824 3.5727415084838867
504 3.7916064262390137
793 3.6669414043426514
901 3.551112651824951
819 3.6458189487457275
838 3.5849900245666504
860 3.632776975631714
873 3.617053508758545
807 3.6743133068084717
877 3.5760414600372314
811 3.6540915966033936
437 3.875765085220337
745 3.7111051082611084
797 3.6258511543273926
877 3.597120761871338
895 3.5560221672058105
818 3.6551616191864014
848 3.6496992111206055
800 3.706865072250366
785 3.6142656803131104
804 3.5788559913635254
397 4.004852294921875
870 3.600233316421509
821 3.7139580249786377
890 3.5729665756225586
715 3.851142644882202
833 3.6260855197906494
841 3.5628464221954346
812 3.620861053466797
855 3.627105236053467
879 3.59859299659729
367 4.010233163833618
707 3.698709726333618
871 3.593029737472534
846 3.6371002197265625
866 3.5800204277038574
778 3.6380386352539062
880 3.611895799636841
835 3.6654396057128906
353 4.005526542663574
412 3.866063356399536
832 3.611955165863037
861 3.6138370037078857
831 3.584374189376831
870 3.626797676086426
821 3.6393282413482666
839 3.600247859954834
867 3.627864360809326
898 3.536111831665039
826 3.661059617996216
866 3.550917863845825
636 3.7483646869659424
881 3.5350656509399414
827 3.621217966079712
843 3.658884048461914
307 3.971353054046631
891 3.602808952331543
867 3.59541916847229
889 3.534860134124756
793 3.72163987159729
493 3.8191981315612793
908 3.554060935974121
858 3.5890846252441406
839 3.6135783195495605
883 3.6030609607696533
317 3.926847457885742
593 3.797527313232422
815 3.6778786182403564
824 3.707465171813965
802 3.664010763168335
856 3.542149782180786
888 3.541027069091797
333 3.9043166637420654
868 3.596986770629883
469 3.8101370334625244
828 3.6307871341705322
851 3.5945494174957275
518 3.9032821655273438
762 3.617921829223633
744 3.624546766281128
709 3.679086446762085
854 3.6494851112365723
881 3.6354284286499023
876 3.5758321285247803
902 3.558427333831787
838 3.6385912895202637
915 3.5340046882629395
804 3.6287691593170166
820 3.633310556411743
861 3.628675937652588
391 3.8859307765960693
876 3.5899581909179688
720 3.7036139965057373
825 3.639578342437744
806 3.695082187652588
892 3.5619475841522217
799 3.6612346172332764
854 3.648493766784668
807 3.72281813621521
889 3.564136028289795
713 3.6941473484039307
830 3.633840799331665
710 3.6829895973205566
724 3.661597490310669
871 3.614839792251587
856 3.635471820831299
878 3.576136350631714
871 3.5840978622436523
893 3.547255277633667
840 3.6410601139068604
859 3.58994460105896
863 3.612323760986328
894 3.5520436763763428
891 3.5967023372650146
651 3.8237152099609375
858 3.6433486938476562
916 3.5563485622406006
507 3.886490821838379
844 3.654839038848877
496 3.9055352210998535
848 3.603834629058838
875 3.545123815536499
841 3.6023318767547607
875 3.6103453636169434
849 3.67297625541687
853 3.6139447689056396
810 3.6372385025024414
644 3.8100175857543945
830 3.6271817684173584
749 3.683534622192383
897 3.5594544410705566
889 3.558988332748413
871 3.566917657852173
712 3.7305893898010254
882 3.586035966873169
794 3.6797142028808594
824 3.6939547061920166
869 3.6120729446411133
864 3.5952022075653076
796 3.653095006942749
817 3.6362290382385254
834 3.5991740226745605
883 3.5907421112060547
838 3.6372623443603516
893 3.570829153060913
817 3.7290380001068115
628 3.8568427562713623
875 3.599153757095337
868 3.5942771434783936
817 3.6850836277008057
844 3.6358766555786133
852 3.647944211959839
850 3.596139907836914
584 3.837538242340088
848 3.5512747764587402
868 3.631495237350464
350 4.069003343582153
881 3.557692766189575
809 3.6503477096557617
847 3.6212034225463867
866 3.646606922149658
799 3.6107492446899414
852 3.595292806625366
865 3.6177546977996826
704 3.7524032592773438
842 3.614356279373169
892 3.552865505218506
857 3.5982773303985596
883 3.556643486022949
841 3.572537660598755
847 3.609919786453247
786 3.699432373046875
835 3.6582024097442627
811 3.6766560077667236
866 3.570070743560791
865 3.5812020301818848
857 3.56866192817688
914 3.533958911895752
835 3.6528117656707764
882 3.582988739013672
877 3.576538324356079
799 3.6549623012542725
802 3.6122660636901855
678 3.801994562149048
597 3.8594541549682617
872 3.5892226696014404
789 3.6527533531188965
873 3.561241388320923
825 3.649803400039673
896 3.537202835083008
862 3.596968412399292
867 3.5494651794433594
689 3.737266778945923
695 3.714460611343384
845 3.674360513687134
892 3.5871336460113525
826 3.663447856903076
670 3.7466790676116943
818 3.6804020404815674
850 3.6379611492156982
842 3.5879034996032715
848 3.629969358444214
872 3.6110117435455322
844 3.5790321826934814
896 3.5521411895751953
874 3.577003240585327
534 3.747577428817749
860 3.550689220428467
536 3.8277947902679443
853 3.5812058448791504
752 3.6959280967712402
563 3.8500590324401855
857 3.598011016845703
835 3.6385419368743896
913 3.5552051067352295
827 3.6552634239196777
852 3.611175298690796
885 3.5473344326019287
876 3.5967390537261963
799 3.6259634494781494
873 3.577982187271118
878 3.577481985092163
857 3.5837976932525635
472 3.8401942253112793
750 3.656230926513672
728 3.6685805320739746
848 3.5923304557800293
322 3.9756417274475098
845 3.5778164863586426
755 3.695003032684326
858 3.6107094287872314
794 3.6403720378875732
820 3.628049373626709
425 3.910100221633911
863 3.6151998043060303
863 3.582040786743164
714 3.7453932762145996
850 3.6023497581481934
836 3.6435935497283936
818 3.6231439113616943
853 3.5658228397369385
867 3.5567259788513184
363 3.8756351470947266
825 3.679763078689575
757 3.728297233581543
768 3.653506278991699
860 3.573080539703369
868 3.5675928592681885
876 3.588862180709839
846 3.6444172859191895
874 3.5846188068389893
854 3.605997323989868
789 3.641669750213623
861 3.5957224369049072
792 3.6161959171295166
866 3.5826120376586914
796 3.6374759674072266
822 3.6730868816375732
855 3.5938525199890137
489 3.924591541290283
875 3.5952556133270264
904 3.516669988632202
750 3.702791213989258
818 3.673679828643799
867 3.587855100631714
871 3.5875205993652344
871 3.6461079120635986
847 3.6350948810577393
841 3.6207387447357178
878 3.577009677886963
869 3.5661826133728027
793 3.651646614074707
772 3.7486257553100586
846 3.595815658569336
441 3.8482868671417236
853 3.590441942214966
866 3.5517401695251465
285 3.8956797122955322
505 3.813382387161255
866 3.5768017768859863
700 3.7238070964813232
606 3.8590545654296875
681 3.8249549865722656
866 3.598930835723877
556 3.8708133697509766
871 3.564495086669922
537 3.826298236846924
882 3.619359254837036
831 3.658128023147583
868 3.5689799785614014
880 3.5943171977996826
865 3.599912405014038
773 3.716050148010254
881 3.5620758533477783
570 3.7949931621551514
872 3.6041128635406494
744 3.763618230819702
877 3.5953550338745117
845 3.6391208171844482
825 3.699824810028076
842 3.615225315093994
356 4.125161409378052
800 3.5992374420166016
860 3.593940258026123
889 3.5514442920684814
821 3.670884132385254
574 3.780043363571167
784 3.667987585067749
847 3.610248327255249
821 3.63635516166687
787 3.7072763442993164
784 3.6914353370666504
880 3.5545125007629395
825 3.6511759757995605
906 3.521869659423828
850 3.587543487548828
881 3.5722272396087646
862 3.584909439086914
891 3.542280435562134
855 3.6209261417388916
814 3.6421267986297607
862 3.6037356853485107
877 3.5785810947418213
844 3.6239588260650635
817 3.6192727088928223
819 3.6365251541137695
648 3.7325258255004883
868 3.6037769317626953
816 3.6436080932617188
853 3.6371169090270996
869 3.603005886077881
825 3.618720769882202
852 3.5895795822143555
871 3.5637283325195312
795 3.662722110748291
856 3.579307794570923
773 3.6586291790008545
655 3.7914159297943115
831 3.6353278160095215
877 3.5753328800201416
827 3.6468513011932373
315 3.95804500579834
854 3.7353999614715576
805 3.6760027408599854
562 3.820247173309326
737 3.7278640270233154
869 3.5690534114837646
557 3.7982256412506104
857 3.58298921585083
845 3.5971155166625977
843 3.6332504749298096
654 3.783151626586914
819 3.653477191925049
840 3.677685260772705
829 3.6308155059814453
706 3.687319278717041
869 3.6417665481567383
852 3.584821939468384
874 3.586723566055298
856 3.578747272491455
863 3.6301846504211426
860 3.587071657180786
862 3.5815837383270264
860 3.614884614944458
864 3.536393165588379
812 3.652815818786621
892 3.561460256576538
818 3.6911380290985107
895 3.5512640476226807
859 3.5565757751464844
834 3.624103307723999
868 3.582091808319092
876 3.5298588275909424
816 3.6958165168762207
850 3.614018440246582
911 3.5726535320281982
813 3.6418185234069824
652 3.784137487411499
866 3.6090173721313477
831 3.6006689071655273
673 3.809317111968994
898 3.527413845062256
831 3.632581949234009
873 3.6141180992126465
699 3.796066999435425
867 3.584392786026001
839 3.625746488571167
804 3.6448307037353516
874 3.606504440307617
812 3.6249101161956787
900 3.5611751079559326
832 3.602168560028076
832 3.647812604904175
736 3.7544009685516357
894 3.583939790725708
517 3.881103277206421
899 3.5506436824798584
873 3.617553472518921
829 3.687124729156494
858 3.591495990753174
868 3.587040662765503
293 4.051098823547363
834 3.641958236694336
825 3.6147689819335938
890 3.5667269229888916
900 3.5481178760528564
801 3.665715217590332
907 3.5486388206481934
880 3.562891960144043
847 3.587806463241577
885 3.570652961730957
889 3.5529122352600098
845 3.6377062797546387
870 3.6191842555999756
371 3.9409704208374023
849 3.6263225078582764
811 3.6528377532958984
892 3.5883121490478516
794 3.736886978149414
852 3.5865612030029297
862 3.642627716064453
776 3.6161084175109863
751 3.6707987785339355
859 3.5597312450408936
863 3.5689516067504883
778 3.7155632972717285
912 3.5307986736297607
889 3.612090587615967
551 3.881498336791992
656 3.789517641067505
850 3.5953431129455566
800 3.616558313369751
810 3.686443567276001
837 3.6094791889190674
886 3.617109537124634
885 3.6013193130493164
823 3.633635997772217
892 3.5929362773895264
870 3.634732961654663
856 3.621777296066284
847 3.622380256652832
871 3.582611083984375
807 3.626011848449707
870 3.5944833755493164
847 3.5763747692108154
845 3.6324996948242188
841 3.6130051612854004
822 3.67193865776062
772 3.655748128890991
847 3.6222891807556152
871 3.5528805255889893
856 3.6159560680389404
842 3.609805107116699
849 3.601901054382324
798 3.6391470432281494
872 3.599353551864624
771 3.719700574874878
830 3.5964303016662598
802 3.6746344566345215
828 3.614759683609009
853 3.587381362915039
872 3.6076760292053223
869 3.5830671787261963
890 3.546328067779541
873 3.5955677032470703
882 3.561051845550537
860 3.5853476524353027
865 3.5968315601348877
883 3.55793833732605
867 3.603045701980591
880 3.6204049587249756
771 3.693505048751831
853 3.574732542037964
865 3.5810587406158447
862 3.5841121673583984
846 3.610656261444092
863 3.6288464069366455
883 3.5500738620758057
789 3.6452434062957764
880 3.5765860080718994
877 3.5334930419921875
892 3.568372964859009
830 3.597015619277954
880 3.5608582496643066
838 3.6226489543914795
875 3.5674526691436768
859 3.6344544887542725
847 3.5899503231048584
890 3.5904688835144043
858 3.5977091789245605
644 3.6647486686706543
809 3.605733871459961
323 4.1041929721832275
665 3.678795337677002
827 3.590745687484741
912 3.533102035522461
882 3.5909206867218018
855 3.586238145828247
449 3.8334784507751465
874 3.535956859588623
868 3.567659854888916
519 3.76134991645813
874 3.5999159812927246
876 3.584268569946289
706 3.748086452484131
863 3.5703015327453613
880 3.58681583404541
879 3.574561357498169
859 3.5994553565979004
725 3.7104063034057617
846 3.6162145137786865
837 3.641018867492676
891 3.540574789047241
843 3.6041905879974365
870 3.580320119857788
888 3.5690298080444336
857 3.630189895629883
801 3.6356875896453857
875 3.573411464691162
857 3.60512638092041
790 3.6642866134643555
846 3.611891031265259
838 3.638502836227417
892 3.56726336479187
868 3.5994067192077637
854 3.564771890640259
860 3.594520330429077
861 3.6440176963806152
834 3.703968048095703
860 3.619832992553711
889 3.5403356552124023
700 3.765913248062134
846 3.599411964416504
893 3.5739500522613525
885 3.564696788787842
801 3.6736693382263184
878 3.5915067195892334
589 3.8750979900360107
868 3.596400499343872
611 3.7560291290283203
838 3.610383987426758
855 3.6023383140563965
643 3.8627681732177734
844 3.6603615283966064
897 3.566553831100464
885 3.5585451126098633
853 3.636885404586792
849 3.60634708404541
810 3.6407859325408936
907 3.555225133895874
889 3.5804507732391357
436 3.9219837188720703
640 3.7777771949768066
877 3.591431140899658
815 3.6237874031066895
870 3.5750279426574707
589 3.815711259841919
879 3.565551996231079
851 3.6313817501068115
843 3.6080093383789062
869 3.6276345252990723
807 3.6311514377593994
876 3.6068506240844727
898 3.578401565551758
903 3.537205457687378
867 3.5950422286987305
862 3.6355173587799072
868 3.5833003520965576
888 3.6066935062408447
845 3.6419262886047363
822 3.6496148109436035
854 3.646273612976074
390 4.030650615692139
786 3.691896915435791
904 3.557075262069702
360 3.911472797393799
834 3.6210787296295166
879 3.6096155643463135
810 3.6372885704040527
857 3.6043736934661865
872 3.5796918869018555
887 3.57977032661438
845 3.617006301879883
852 3.6089255809783936
832 3.6960606575012207
842 3.586355209350586
906 3.5596094131469727
501 3.8297975063323975
829 3.6376633644104004
891 3.5935964584350586
753 3.6398465633392334
792 3.665407657623291
893 3.5586154460906982
849 3.624577760696411
878 3.5606706142425537
860 3.5377631187438965
617 3.7574822902679443
850 3.6152102947235107
869 3.6198573112487793
832 3.6647696495056152
818 3.6559181213378906
511 3.915295124053955
795 3.630789279937744
882 3.5611021518707275
450 3.9479002952575684
799 3.6758430004119873
779 3.689150810241699
773 3.7212424278259277
855 3.6106574535369873
877 3.6061136722564697
738 3.7031965255737305
865 3.6132938861846924
892 3.5765738487243652
866 3.5550906658172607
885 3.566270351409912
876 3.5929086208343506
651 3.8333187103271484
864 3.612699031829834
846 3.6219921112060547
898 3.552733898162842
852 3.6393086910247803
366 4.026634454727173
570 3.859325647354126
613 3.7441282272338867
810 3.658243417739868
883 3.5893843173980713
878 3.574058771133423
856 3.616497755050659
845 3.6293680667877197
891 3.578660488128662
867 3.6011831760406494
885 3.547931432723999
405 3.9727261066436768
877 3.5931267738342285
883 3.543079137802124
740 3.743542432785034
857 3.6115047931671143
867 3.6450936794281006
789 3.682133674621582
881 3.592345714569092
835 3.6328673362731934
657 3.7952146530151367
799 3.705709218978882
811 3.657628059387207
883 3.5695669651031494
860 3.595181465148926
815 3.6845710277557373
767 3.706364870071411
915 3.52836275100708
814 3.686797857284546
888 3.587510824203491
801 3.606341600418091
868 3.6056041717529297
836 3.605999231338501
870 3.6145544052124023
872 3.6400420665740967
848 3.636277675628662
826 3.5710692405700684
890 3.584135055541992
879 3.6031196117401123
860 3.6209516525268555
857 3.589939594268799
864 3.636280059814453
861 3.6161844730377197
788 3.6636338233947754
840 3.625178098678589
795 3.734853506088257
397 3.9511220455169678
815 3.676248550415039
874 3.603872060775757
886 3.559598922729492
877 3.6118898391723633
836 3.6263935565948486
900 3.5619795322418213
900 3.597418785095215
506 3.9343109130859375
783 3.691626787185669
900 3.5610597133636475
868 3.580875873565674
835 3.622112989425659
853 3.6227707862854004
865 3.610999584197998
853 3.604865312576294
841 3.626220464706421
841 3.616502046585083
896 3.5579934120178223
869 3.605614185333252
900 3.557739734649658
846 3.5915608406066895
884 3.5743019580841064
884 3.6219186782836914
863 3.582564353942871
883 3.580446481704712
892 3.547098159790039
881 3.591501235961914
323 4.114258766174316
831 3.6306114196777344
894 3.5316896438598633
890 3.587467670440674
846 3.587655544281006
604 3.7362847328186035
753 3.6576476097106934
826 3.6039977073669434
807 3.6212289333343506
874 3.5919861793518066
825 3.6350438594818115
899 3.5630483627319336
419 3.8596951961517334
882 3.5994691848754883
849 3.6419594287872314
824 3.665534019470215
860 3.604335308074951
860 3.6000919342041016
876 3.5400679111480713
755 3.5710108280181885
818 3.616076707839966
863 3.5907764434814453
869 3.574923276901245
813 3.638400077819824
888 3.556281089782715
635 3.845468521118164
861 3.584312915802002
850 3.5846447944641113
860 3.607240915298462
844 3.6279847621917725
426 3.8725883960723877
856 3.641826868057251
891 3.57080340385437
881 3.5745673179626465
875 3.5726518630981445
856 3.5857162475585938
866 3.5929436683654785
605 3.807213544845581
866 3.635315418243408
847 3.6370227336883545
531 3.769223213195801
856 3.5975089073181152
885 3.5592410564422607
854 3.585456371307373
882 3.558053731918335
887 3.5796499252319336
842 3.6500120162963867
346 4.01104474067688
834 3.613485336303711
889 3.557116746902466
882 3.59179425239563
869 3.5643506050109863
862 3.6116106510162354
504 3.8375868797302246
871 3.6211185455322266
878 3.6420323848724365
790 3.6333937644958496
842 3.671396255493164
538 3.8080990314483643
851 3.634446144104004
842 3.589937210083008
546 3.8593595027923584
878 3.617600202560425
894 3.591860294342041
871 3.5992212295532227
866 3.6133689880371094
855 3.5679500102996826
888 3.569828748703003
884 3.587310314178467
873 3.6220333576202393
890 3.5802202224731445
868 3.5824520587921143
859 3.5877652168273926
613 3.756617784500122
855 3.590437889099121
865 3.583916664123535
722 3.6606717109680176
849 3.585822105407715
822 3.6596617698669434
813 3.655184030532837
893 3.5884132385253906
817 3.65031361579895
871 3.5450453758239746
814 3.5578739643096924
863 3.581930637359619
381 3.8894760608673096
888 3.5337209701538086
886 3.5493433475494385
826 3.6792004108428955
850 3.651766777038574
700 3.700026035308838
891 3.540147066116333
838 3.6287174224853516
847 3.6150996685028076
846 3.6457090377807617
776 3.6767990589141846
865 3.599496364593506
880 3.5599453449249268
456 3.7818992137908936
844 3.626678466796875
835 3.628574848175049
473 3.9240400791168213
854 3.6273510456085205
884 3.5716733932495117
835 3.6111984252929688
664 3.768552541732788
890 3.5535800457000732
868 3.5794124603271484
790 3.623955011367798
786 3.6219446659088135
670 3.752594232559204
369 3.893554210662842
844 3.5926058292388916
877 3.5912516117095947
841 3.607506275177002
714 3.711916208267212
836 3.636021852493286
884 3.599024772644043
746 3.671229124069214
855 3.561506509780884
889 3.585308074951172
882 3.5937702655792236
874 3.6151938438415527
841 3.6553080081939697
465 3.776472330093384
895 3.5464212894439697
812 3.597090244293213
834 3.6936159133911133
891 3.6000373363494873
880 3.5901782512664795
885 3.5760276317596436
743 3.609466552734375
869 3.574875593185425
838 3.5986766815185547
811 3.6426570415496826
842 3.645307779312134
789 3.632162094116211
845 3.6101112365722656
867 3.6606578826904297
856 3.6280105113983154
858 3.5758941173553467
811 3.632404327392578
852 3.5800023078918457
780 3.639850378036499
810 3.642827272415161
828 3.644456624984741
831 3.6601407527923584
879 3.601933002471924
831 3.6260809898376465
857 3.578477144241333
671 3.757192373275757
846 3.6081080436706543
844 3.5926215648651123
858 3.632903814315796
615 3.835956573486328
865 3.596418857574463
779 3.6610522270202637
894 3.5629923343658447
879 3.5808236598968506
824 3.7227299213409424
848 3.593766689300537
852 3.606558322906494
801 3.677882194519043
833 3.611962080001831
687 3.6855077743530273
839 3.6368038654327393
433 3.9406776428222656
864 3.614187002182007
915 3.5457563400268555
882 3.5910871028900146
844 3.575206756591797
875 3.6161346435546875
838 3.6195805072784424
858 3.627466917037964
889 3.5591554641723633
877 3.5731894969940186
824 3.619856357574463
856 3.5676069259643555
841 3.5917603969573975
839 3.5912513732910156
878 3.5529351234436035
861 3.593919515609741
900 3.554321527481079
438 3.967397451400757
870 3.639971971511841
778 3.667663812637329
857 3.599277973175049
789 3.6510610580444336
829 3.6363673210144043
806 3.7416954040527344
811 3.6694602966308594
863 3.61863112449646
814 3.6373610496520996
838 3.702892303466797
873 3.541771173477173
723 3.6768393516540527
880 3.598193883895874
814 3.7035765647888184
800 3.6147823333740234
802 3.596892833709717
874 3.59466290473938
823 3.6130483150482178
884 3.588636636734009
866 3.5609703063964844
811 3.691577672958374
606 3.8782975673675537
818 3.674851417541504
850 3.604240894317627
853 3.5961039066314697
856 3.572941303253174
885 3.5924808979034424
789 3.6894168853759766
856 3.6228830814361572
862 3.6056160926818848
800 3.6105823516845703
862 3.5508289337158203
885 3.585573673248291
862 3.5672128200531006
814 3.6353118419647217
871 3.606261730194092
849 3.6472091674804688
864 3.5553994178771973
726 3.86684513092041
837 3.627488613128662
431 4.033886194229126
873 3.5904479026794434
857 3.5919644832611084
902 3.5359692573547363
890 3.5316381454467773
589 3.8771679401397705
695 3.8651063442230225
869 3.6128623485565186
866 3.5642595291137695
890 3.5690462589263916
860 3.616715669631958
859 3.5586624145507812
863 3.606161117553711
843 3.6280031204223633
892 3.5365676879882812
854 3.5985124111175537
860 3.552192449569702
848 3.634369373321533
879 3.545332431793213
881 3.6241447925567627
833 3.6278328895568848
582 3.9026710987091064
842 3.6246445178985596
862 3.552292585372925
867 3.5791726112365723
857 3.5864109992980957
857 3.6405081748962402
830 3.6717426776885986
882 3.5781872272491455
889 3.559943437576294
852 3.63521671295166
884 3.560697555541992
388 4.016700029373169
870 3.6094446182250977
854 3.582486867904663
916 3.5217483043670654
839 3.6742043495178223
830 3.6405210494995117
852 3.5935163497924805
800 3.625373125076294
771 3.6585543155670166
876 3.577730178833008
842 3.6001174449920654
902 3.5385849475860596
845 3.59913969039917
845 3.6090335845947266
759 3.6458675861358643
857 3.617034435272217
537 3.8288488388061523
591 3.751464366912842
866 3.629546880722046
862 3.6424598693847656
550 3.809295654296875
869 3.5981385707855225
901 3.538038492202759
849 3.5912575721740723
847 3.603241205215454
754 3.6527414321899414
846 3.675614356994629
801 3.634793996810913
859 3.5905091762542725
869 3.535433530807495
819 3.699608087539673
816 3.668692111968994
885 3.5558922290802
549 3.868997573852539
827 3.6556482315063477
813 3.584894895553589
878 3.612368106842041
859 3.6330695152282715
901 3.5978128910064697
901 3.5475544929504395
873 3.6055428981781006
835 3.611337900161743
897 3.5781962871551514
882 3.6156415939331055
886 3.5906529426574707
846 3.6281425952911377
810 3.610530138015747
850 3.58890438079834
812 3.64652943611145
830 3.6595370769500732
858 3.552626132965088
870 3.591540813446045
823 3.5946943759918213
872 3.537400007247925
857 3.650223731994629
656 3.786518096923828
849 3.594392776489258
571 3.9026031494140625
856 3.6109495162963867
632 3.7730159759521484
694 3.745110034942627
898 3.5645930767059326
831 3.617396116256714
841 3.6234397888183594
842 3.6057183742523193
836 3.5994975566864014
829 3.610055685043335
479 3.9104483127593994
435 3.865269422531128
826 3.652759075164795
862 3.647209882736206
896 3.539850950241089
793 3.6279525756835938
856 3.6381947994232178
875 3.5949761867523193
840 3.61706280708313
852 3.609513282775879
420 4.058759689331055
872 3.597771406173706
867 3.567368745803833
821 3.6833295822143555
815 3.6187942028045654
545 3.772127866744995
875 3.631880521774292
905 3.538764476776123
860 3.661750078201294
857 3.6299490928649902
828 3.6629579067230225
880 3.575387477874756
812 3.6203219890594482
377 3.910097360610962
861 3.5964012145996094
821 3.621115207672119
871 3.5639073848724365
891 3.577148199081421
566 3.8494386672973633
600 3.8161141872406006
899 3.554771900177002
908 3.5558388233184814
884 3.571803569793701
856 3.587712287902832
848 3.641503095626831
863 3.6026923656463623
809 3.5978167057037354
873 3.579711437225342
859 3.5871851444244385
881 3.5754685401916504
703 3.7142322063446045
861 3.6327381134033203
854 3.608816623687744
859 3.61784291267395
857 3.6013896465301514
876 3.5799994468688965
817 3.6398627758026123
873 3.6198534965515137
843 3.6162607669830322
839 3.5673375129699707
873 3.627937078475952
802 3.644444227218628
864 3.6172916889190674
897 3.569605588912964
419 3.851358652114868
890 3.534208297729492
773 3.634519100189209
884 3.549987316131592
766 3.674330234527588
837 3.60825777053833
820 3.6003901958465576
883 3.5726523399353027
882 3.613802909851074
873 3.636073589324951
829 3.615999937057495
881 3.5938782691955566
871 3.650114059448242
891 3.6054129600524902
875 3.6197128295898438
784 3.632819890975952
812 3.6180460453033447
874 3.5831568241119385
873 3.629526376724243
719 3.696768045425415
870 3.614056348800659
743 3.669814109802246
838 3.596318244934082
903 3.536809206008911
862 3.6433541774749756
883 3.630521535873413
850 3.580073118209839
655 3.769296169281006
870 3.5801384449005127
831 3.6114919185638428
841 3.625445604324341
617 3.7204391956329346
885 3.581392765045166
885 3.5509610176086426
388 3.8652379512786865
903 3.555492639541626
897 3.6020357608795166
721 3.6934902667999268
709 3.6669247150421143
867 3.630506753921509
865 3.5722734928131104
861 3.59281587600708
850 3.6399216651916504
715 3.710338830947876
841 3.670286178588867
872 3.609879732131958
864 3.6318578720092773
892 3.553622245788574
867 3.5896785259246826
881 3.5811266899108887
593 3.7549211978912354
881 3.6350276470184326
895 3.5728578567504883
886 3.6068778038024902
701 3.7641847133636475
865 3.567939281463623
863 3.5891189575195312
734 3.6468749046325684
866 3.6147546768188477
899 3.570284366607666
875 3.6215546131134033
875 3.559952974319458
874 3.589784622192383
866 3.6270627975463867
887 3.548480987548828
420 3.9711639881134033
839 3.6612751483917236
825 3.6076595783233643
824 3.630690097808838
704 3.752612352371216
783 3.6691744327545166
880 3.61423397064209
