e-greedy
327 0.18701672554016113
349 0.1827409267425537
384 0.18896102905273438
408 0.18792152404785156
506 0.18309736251831055
396 0.18864154815673828
480 0.1854264736175537
350 0.19103026390075684
345 0.1927957534790039
422 0.18918347358703613
363 0.20383024215698242
417 0.20009469985961914
377 0.20688605308532715
404 0.20330047607421875
587 0.19073152542114258
394 0.20043635368347168
360 0.20055174827575684
596 0.18741321563720703
451 0.19733095169067383
420 0.19983339309692383
480 0.1957077980041504
442 0.19186091423034668
395 0.1982882022857666
509 0.1898634433746338
536 0.19175934791564941
440 0.19514131546020508
573 0.18830513954162598
610 0.18590021133422852
415 0.19420242309570312
489 0.19291210174560547
408 0.19538402557373047
453 0.19408822059631348
437 0.20018386840820312
390 0.19665980339050293
408 0.20332574844360352
581 0.18853330612182617
350 0.20284724235534668
611 0.1858844757080078
535 0.19078397750854492
475 2.3066415786743164
