e-greedy
500 0.2080075740814209
461 0.207777738571167
403 0.2191472053527832
491 0.216963529586792
339 0.22387909889221191
409 0.22098350524902344
496 0.2128124237060547
467 0.21565794944763184
427 0.21991658210754395
336 0.22177505493164062
367 0.219010591506958
482 0.2137455940246582
480 0.21604061126708984
415 0.21835112571716309
441 0.21936678886413574
339 0.22934532165527344
503 0.21277165412902832
536 0.21116185188293457
563 0.21098852157592773
408 0.22259140014648438
491 0.21292448043823242
313 0.22957468032836914
364 0.238785982131958
415 0.2325437068939209
497 0.23432493209838867
373 0.24254703521728516
322 0.24468469619750977
383 0.236191987991333
374 0.23853445053100586
582 0.2276451587677002
458 0.23526477813720703
427 0.23741674423217773
538 0.2237093448638916
428 0.2387828826904297
511 0.22481822967529297
420 0.23519420623779297
423 0.24374079704284668
439 0.23511171340942383
487 0.22634673118591309
439 1.3454673290252686
464 6.238119602203369
348 14.88996410369873
336 19.097798109054565
265 31.043376922607422
278 33.83003640174866
292 38.87924838066101
270 41.17002487182617
295 41.615492820739746
247 48.35589385032654
251 45.00209951400757
257 48.59563231468201
267 46.97580623626709
247 53.42114782333374
242 51.39116048812866
