e-greedy
1872 359.2237813472748
1807 361.63257122039795
1872 364.9906840324402
1807 366.43275594711304
1872 347.80731439590454
1807 355.3220727443695
1872 345.19281220436096
1807 366.79303193092346
1872 370.31396985054016
1807 367.4619550704956
1872 372.7742176055908
1807 349.1550033092499
1872 351.1687843799591
1807 348.33717608451843
1872 344.9080722332001
1807 349.76605677604675
1872 357.16721200942993
1807 361.18661165237427
1872 347.2058653831482
1807 355.02195382118225
1872 353.5042197704315
1807 350.3607087135315
1872 346.95786690711975
1807 349.03278517723083
1872 368.14902114868164
1807 388.2223467826843
1872 381.2687711715698
1807 382.10530614852905
