e-greedy
400 0.2361586093902588
401 0.239670991897583
420 0.23669672012329102
544 0.22605323791503906
481 0.23560380935668945
588 0.22326183319091797
554 0.22649383544921875
421 0.24100112915039062
359 0.24144887924194336
590 0.222853422164917
394 0.24048113822937012
606 0.22289061546325684
410 0.24006986618041992
535 0.22643756866455078
395 0.24030733108520508
604 0.22798633575439453
575 0.22546839714050293
402 0.23949766159057617
359 0.24332642555236816
442 0.2407522201538086
528 0.22810935974121094
417 0.24294567108154297
486 0.22949576377868652
423 0.2465813159942627
499 0.23444843292236328
502 0.23044562339782715
594 0.22367429733276367
468 0.23695063591003418
606 0.2264246940612793
486 0.23275995254516602
327 0.25020766258239746
408 0.2351086139678955
376 0.2356865406036377
484 0.23188495635986328
442 0.23936772346496582
404 0.24571514129638672
422 0.23642873764038086
409 0.2457137107849121
509 0.2352294921875
517 0.22925901412963867
349 0.32359838485717773
495 0.3407285213470459
372 0.4030334949493408
469 0.4505760669708252
303 0.5691187381744385
336 0.5783693790435791
308 0.6328873634338379
317 0.6884951591491699
261 0.7259502410888672
239 0.7560086250305176
274 0.7247076034545898
342 0.6821565628051758
254 0.7501022815704346
278 0.7272782325744629
293 0.7143912315368652
328 0.6923105716705322
263 0.7427701950073242
254 0.756629467010498
262 0.7294259071350098
264 0.7385592460632324
326 0.6907899379730225
304 0.7143466472625732
290 0.722405195236206
262 0.7424983978271484
342 0.6805493831634521
309 0.7130208015441895
255 0.7400364875793457
293 0.7085061073303223
289 0.7255163192749023
266 0.7329199314117432
319 0.691354513168335
277 0.7188293933868408
293 0.7117526531219482
258 0.7426536083221436
313 0.7066164016723633
288 0.708488941192627
285 0.7270731925964355
330 0.6782419681549072
329 0.6832001209259033
234 0.7512662410736084
282 0.7187557220458984
258 0.7263007164001465
272 0.7142636775970459
291 0.709481954574585
321 0.6794579029083252
258 0.7363243103027344
295 0.7163195610046387
260 0.7306373119354248
288 0.7033135890960693
281 0.7088465690612793
291 0.692345380783081
240 0.7216203212738037
280 0.7132854461669922
241 0.7365705966949463
261 0.7083537578582764
264 0.722790002822876
250 0.7211771011352539
311 0.6592600345611572
268 0.7103214263916016
337 0.6647036075592041
282 0.7060732841491699
278 0.7025237083435059
278 0.7068846225738525
300 0.6972756385803223
284 0.6966226100921631
306 0.680426836013794
335 0.6731688976287842
326 0.6636161804199219
394 0.6354413032531738
281 0.7081844806671143
311 0.6972565650939941
294 0.7081160545349121
251 0.7356860637664795
237 0.7353425025939941
262 0.72633957862854
290 0.7159628868103027
287 0.6997852325439453
314 0.6903166770935059
272 0.7158470153808594
300 0.6901557445526123
276 0.7182111740112305
297 0.6982324123382568
316 0.6900937557220459
293 0.7056002616882324
257 0.7294504642486572
259 0.7337131500244141
247 0.7312355041503906
278 0.7168290615081787
288 0.7031629085540771
242 0.7365341186523438
269 0.7167155742645264
261 0.7222683429718018
273 0.7037253379821777
312 0.6912429332733154
289 0.7065105438232422
313 0.6776378154754639
339 0.6860675811767578
294 0.7131202220916748
255 0.7232239246368408
301 0.6665043830871582
265 0.7131118774414062
274 0.6975810527801514
313 0.6645903587341309
300 0.6813602447509766
246 0.7187697887420654
338 0.6524195671081543
301 0.6833770275115967
298 0.6845850944519043
291 0.6899034976959229
279 0.7089767456054688
253 0.7097952365875244
251 0.7131388187408447
290 0.6936516761779785
285 0.6965065002441406
296 0.6847074031829834
300 0.6911220550537109
277 0.7031910419464111
263 0.7088150978088379
261 0.7038986682891846
268 0.713498592376709
270 0.7166054248809814
291 0.7010529041290283
251 0.7263834476470947
291 0.6807889938354492
312 0.6706380844116211
260 0.7093825340270996
269 0.7077734470367432
309 0.6727077960968018
263 0.7047383785247803
293 0.6886887550354004
252 0.7079448699951172
291 0.7015535831451416
277 0.6947145462036133
290 0.6881866455078125
281 0.6947383880615234
254 0.7211165428161621
289 0.6737000942230225
274 0.7005999088287354
268 0.6894817352294922
268 0.7039084434509277
286 0.6892354488372803
386 0.6316583156585693
238 0.7166612148284912
282 0.7179136276245117
247 0.7076072692871094
292 0.6871206760406494
255 0.7096493244171143
258 0.7128021717071533
307 0.6745755672454834
307 0.6808254718780518
270 0.6877186298370361
252 0.7115414142608643
287 0.682790994644165
264 0.6853599548339844
289 0.6825804710388184
273 0.6826064586639404
237 0.696326732635498
276 0.6936972141265869
293 0.673835039138794
471 0.553809642791748
299 0.6716938018798828
241 0.7116031646728516
251 0.6867539882659912
282 0.6944746971130371
298 0.674508810043335
288 0.684166669845581
267 0.6964402198791504
323 0.6574549674987793
289 0.6796467304229736
303 0.6896798610687256
217 0.7244856357574463
267 0.6744644641876221
297 0.6699314117431641
259 0.6998474597930908
265 0.694237232208252
320 0.6609034538269043
265 0.6892118453979492
273 0.6860561370849609
284 0.6764094829559326
265 0.7086217403411865
302 0.6688110828399658
286 0.690692663192749
270 0.6845986843109131
279 0.6714072227478027
283 0.6819157600402832
267 0.6965975761413574
255 0.701002836227417
280 0.6874735355377197
271 0.6936314105987549
273 0.6954450607299805
240 0.7129170894622803
314 0.6552245616912842
283 0.6884841918945312
302 0.6661362648010254
271 0.6958601474761963
276 0.6919698715209961
376 0.6265332698822021
271 0.6826972961425781
267 0.6884222030639648
310 0.6777334213256836
338 0.6493825912475586
246 0.707521915435791
288 0.6737606525421143
326 0.6515569686889648
326 0.6401574611663818
284 0.6725783348083496
248 0.7148749828338623
285 0.6789178848266602
272 0.6827132701873779
256 0.7117419242858887
274 0.6859767436981201
246 0.7062039375305176
281 0.6784148216247559
273 0.6860134601593018
254 0.7009987831115723
294 0.6751649379730225
258 0.6997730731964111
302 0.6672935485839844
284 0.6839723587036133
250 0.6966736316680908
251 0.7053213119506836
292 0.6742491722106934
250 0.6969108581542969
328 0.6499383449554443
350 0.6399557590484619
280 0.6914172172546387
262 0.6957659721374512
268 0.6908097267150879
290 0.6786243915557861
328 0.6553778648376465
348 0.6357483863830566
231 0.7254257202148438
299 0.6711502075195312
267 0.7184286117553711
265 0.6983335018157959
301 0.6786668300628662
305 0.6578018665313721
287 0.6801235675811768
255 0.7136173248291016
279 0.6733589172363281
284 0.6989593505859375
319 0.6608662605285645
358 0.6362409591674805
305 0.662578821182251
289 0.673583984375
270 0.6924259662628174
254 0.7142360210418701
293 0.6743896007537842
285 0.6844546794891357
310 0.6548919677734375
273 0.6893444061279297
255 0.6933033466339111
256 0.6973497867584229
248 0.695683479309082
303 0.6742353439331055
268 0.6957626342773438
285 0.6809864044189453
284 0.66629958152771
298 0.6737971305847168
356 0.6417503356933594
246 0.7178213596343994
276 0.7209105491638184
285 0.6870849132537842
268 0.6878499984741211
286 0.6868751049041748
312 0.6696956157684326
267 0.6892807483673096
267 0.7004446983337402
309 0.6492853164672852
294 0.6795885562896729
279 0.6771340370178223
271 0.6933355331420898
285 0.6848068237304688
333 0.6378223896026611
254 0.7086210250854492
275 0.6824848651885986
298 0.6753201484680176
277 0.684633731842041
271 0.6973178386688232
217 0.7190713882446289
251 0.7095763683319092
396 0.5992915630340576
268 0.6984400749206543
328 0.6503961086273193
319 0.6622490882873535
285 0.672560453414917
266 0.6886641979217529
296 0.6738405227661133
337 0.6426041126251221
269 0.6914050579071045
302 0.682297945022583
275 0.6895465850830078
304 0.661583662033081
301 0.6632471084594727
289 0.6818194389343262
273 0.6930005550384521
276 0.6965610980987549
354 0.6415152549743652
263 0.7001454830169678
277 0.6960175037384033
298 0.6822397708892822
292 0.6815974712371826
297 0.6684978008270264
265 0.6991891860961914
259 0.6980729103088379
288 0.6781384944915771
261 0.6969664096832275
353 0.6297943592071533
286 0.6827821731567383
272 0.688206672668457
260 0.7080540657043457
349 0.635413408279419
253 0.7028162479400635
313 0.6656923294067383
263 0.6943776607513428
276 0.6849026679992676
272 0.6877009868621826
270 0.6797645092010498
282 0.6938409805297852
262 0.6949546337127686
265 0.6911230087280273
254 0.6942217350006104
242 0.7061336040496826
308 0.6625745296478271
314 0.6725928783416748
299 0.6653895378112793
347 0.658292293548584
310 0.6592099666595459
281 0.6816885471343994
275 0.6845517158508301
279 0.6866962909698486
286 0.6766481399536133
276 0.676306962966919
298 0.68001389503479
270 0.694688081741333
275 0.6988940238952637
335 0.6444683074951172
275 0.6803624629974365
260 0.6907923221588135
269 0.6765525341033936
326 0.65364670753479
266 0.6958901882171631
339 0.6495766639709473
244 0.7090432643890381
250 0.713165283203125
253 0.6992838382720947
293 0.6726546287536621
280 0.6855266094207764
274 0.6933674812316895
303 0.6659581661224365
335 0.6449882984161377
284 0.6875417232513428
272 0.6974489688873291
272 0.6950709819793701
248 0.7081360816955566
301 0.6728646755218506
287 0.6803915500640869
257 0.7109806537628174
356 0.6394944190979004
300 0.6626033782958984
270 0.6929605007171631
284 0.6950376033782959
265 0.6935248374938965
300 0.6730546951293945
287 0.6829805374145508
249 0.7104179859161377
284 0.6890714168548584
351 0.6360986232757568
307 0.6479861736297607
240 0.708277702331543
284 0.6852037906646729
328 0.6490764617919922
366 0.6274173259735107
264 0.6913101673126221
339 0.6456103324890137
240 0.7100603580474854
265 0.6950192451477051
340 0.6347939968109131
307 0.6631608009338379
258 0.7026257514953613
241 0.7117881774902344
259 0.7287709712982178
326 0.6718528270721436
283 0.6841986179351807
291 0.70330810546875
284 0.6801495552062988
268 0.7053842544555664
333 0.6398215293884277
242 0.710791826248169
257 0.6964395046234131
243 0.7109880447387695
262 0.6962025165557861
272 0.6798360347747803
249 0.6912896633148193
263 0.7012114524841309
280 0.6812131404876709
252 0.7021949291229248
267 0.6850261688232422
272 0.6952922344207764
299 0.6754181385040283
301 0.6667604446411133
293 0.6855294704437256
281 0.6778719425201416
299 0.6812963485717773
306 0.6660137176513672
274 0.6742823123931885
256 0.7028236389160156
253 0.7079102993011475
295 0.6834414005279541
278 0.6765284538269043
356 0.6289315223693848
304 0.6813395023345947
327 0.6564264297485352
245 0.7126638889312744
258 0.7142150402069092
265 0.7080650329589844
292 0.6840307712554932
345 0.6446385383605957
248 0.7088425159454346
299 0.6775379180908203
281 0.6876938343048096
271 0.7068631649017334
312 0.6670494079589844
241 0.72064208984375
274 0.6897180080413818
257 0.69881272315979
268 0.6863265037536621
254 0.7107713222503662
234 0.7236588001251221
253 0.7037360668182373
336 0.6557340621948242
276 0.6882030963897705
302 0.6649553775787354
258 0.6993680000305176
270 0.7044517993927002
262 0.7024998664855957
233 0.7232418060302734
299 0.6661226749420166
268 0.6821837425231934
270 0.701648473739624
267 0.692551851272583
305 0.675706148147583
274 0.6879603862762451
278 0.678264856338501
297 0.6669971942901611
267 0.7073507308959961
264 0.7021968364715576
288 0.6758577823638916
266 0.7063145637512207
282 0.6797544956207275
277 0.6971457004547119
287 0.6749982833862305
260 0.7067654132843018
250 0.7065951824188232
276 0.6972348690032959
337 0.6557822227478027
290 0.6839566230773926
257 0.6891446113586426
282 0.6925702095031738
314 0.6715602874755859
266 0.6954944133758545
401 0.6203293800354004
235 0.7102882862091064
299 0.6743690967559814
329 0.6554479598999023
265 0.693988561630249
307 0.6702003479003906
245 0.709364652633667
283 0.685443639755249
293 0.6887567043304443
304 0.6668496131896973
267 0.6992020606994629
277 0.6853978633880615
293 0.6859617233276367
283 0.6844139099121094
250 0.7071964740753174
329 0.6578705310821533
276 0.6794450283050537
272 0.685288667678833
314 0.6671738624572754
287 0.6761758327484131
258 0.7074217796325684
314 0.6674916744232178
278 0.6847076416015625
268 0.6935141086578369
276 0.6917564868927002
283 0.6882755756378174
305 0.6738762855529785
298 0.671776533126831
278 0.6787228584289551
258 0.7028324604034424
263 0.7125062942504883
281 0.6827566623687744
276 0.6802189350128174
259 0.6851904392242432
253 0.7098331451416016
292 0.6724896430969238
268 0.6980266571044922
318 0.654369592666626
304 0.6764495372772217
259 0.7008116245269775
367 0.6335728168487549
275 0.6926028728485107
303 0.6663827896118164
285 0.6882762908935547
347 0.6473662853240967
269 0.6930913925170898
301 0.678286075592041
255 0.7023742198944092
299 0.6736233234405518
321 0.6719655990600586
286 0.688117504119873
311 0.6759777069091797
274 0.6837120056152344
259 0.695371150970459
286 0.6802356243133545
304 0.6777825355529785
269 0.7069780826568604
283 0.6906967163085938
287 0.6891250610351562
280 0.6863350868225098
266 0.7072257995605469
274 0.688446044921875
220 0.7226595878601074
317 0.6864683628082275
332 0.6474807262420654
261 0.7031989097595215
275 0.6873078346252441
290 0.673818826675415
291 0.6802659034729004
256 0.6892440319061279
262 0.7082357406616211
279 0.6822237968444824
316 0.6590886116027832
247 0.695791482925415
291 0.6663999557495117
244 0.7110412120819092
290 0.6796174049377441
250 0.7033617496490479
279 0.6871190071105957
264 0.697246789932251
293 0.6884183883666992
282 0.6780693531036377
244 0.7024965286254883
246 0.7014727592468262
281 0.6746828556060791
271 0.7052371501922607
269 0.6868007183074951
300 0.6639821529388428
284 0.6906418800354004
304 0.6684048175811768
343 0.6544137001037598
357 0.62554931640625
266 0.6867914199829102
252 0.698049783706665
295 0.6593217849731445
331 0.640643835067749
274 0.681328296661377
350 0.6381661891937256
282 0.6921052932739258
243 0.7144813537597656
275 0.6933920383453369
270 0.6968138217926025
283 0.6934957504272461
286 0.683565616607666
274 0.6950514316558838
314 0.6757984161376953
287 0.6715357303619385
285 0.6775326728820801
258 0.7061948776245117
292 0.67352294921875
267 0.6918125152587891
294 0.6755177974700928
268 0.7036402225494385
259 0.7027492523193359
269 0.6842436790466309
363 0.6252145767211914
298 0.6703958511352539
273 0.7105529308319092
330 0.6494169235229492
343 0.6493761539459229
287 0.679222822189331
271 0.6884593963623047
283 0.6914088726043701
275 0.6862428188323975
314 0.6649560928344727
311 0.6607820987701416
267 0.6840558052062988
273 0.6969366073608398
323 0.6528759002685547
294 0.6778206825256348
264 0.6888778209686279
348 0.6432723999023438
301 0.6699345111846924
244 0.7122938632965088
302 0.6771860122680664
345 0.6393604278564453
379 0.6157529354095459
298 0.6704816818237305
285 0.6808929443359375
281 0.6873743534088135
272 0.6786935329437256
304 0.6718780994415283
283 0.6722586154937744
286 0.6755328178405762
275 0.6896111965179443
281 0.6803615093231201
507 0.5377700328826904
330 0.6568319797515869
290 0.6841750144958496
267 0.6937835216522217
295 0.6714329719543457
301 0.6783933639526367
288 0.6787104606628418
294 0.6685857772827148
284 0.6830527782440186
260 0.703521728515625
265 0.683253288269043
304 0.6744914054870605
346 0.6472728252410889
365 0.6249227523803711
260 0.6985518932342529
297 0.6701180934906006
258 0.7042667865753174
281 0.6773808002471924
287 0.6845295429229736
427 0.588200569152832
267 0.6974160671234131
283 0.6873922348022461
277 0.6881570816040039
285 0.6756553649902344
270 0.6917181015014648
304 0.6643128395080566
253 0.7187104225158691
246 0.7122800350189209
288 0.6731019020080566
291 0.6761219501495361
304 0.671360969543457
247 0.6976261138916016
272 0.6890416145324707
412 0.5895187854766846
265 0.6982753276824951
319 0.674858570098877
270 0.6887869834899902
256 0.704972505569458
293 0.6795532703399658
301 0.6777186393737793
337 0.6519381999969482
268 0.6903035640716553
275 0.6845471858978271
262 0.7176868915557861
275 0.6823432445526123
277 0.6922659873962402
312 0.6686859130859375
269 0.6946420669555664
344 0.6511781215667725
361 0.6472141742706299
270 0.7120647430419922
311 0.6654376983642578
250 0.7060427665710449
255 0.7028586864471436
269 0.6896193027496338
292 0.6846930980682373
269 0.708366870880127
304 0.6700010299682617
264 0.7028827667236328
275 0.6904985904693604
237 0.7133653163909912
311 0.6741118431091309
288 0.6783897876739502
281 0.6869080066680908
249 0.7079212665557861
288 0.6851844787597656
256 0.7011852264404297
271 0.6950187683105469
261 0.7100238800048828
279 0.6912937164306641
277 0.6830687522888184
284 0.6813311576843262
268 0.6979928016662598
279 0.6862442493438721
261 0.7137935161590576
294 0.6684608459472656
250 0.6942849159240723
287 0.679541826248169
264 0.6784865856170654
279 0.6891512870788574
277 0.6922402381896973
298 0.6706814765930176
376 0.6227908134460449
283 0.6731419563293457
300 0.6696467399597168
310 0.6689536571502686
279 0.7022960186004639
256 0.6928584575653076
264 0.7059435844421387
322 0.6652591228485107
297 0.6648242473602295
410 0.6001746654510498
295 0.6947336196899414
321 0.6549422740936279
338 0.644519567489624
289 0.6830377578735352
241 0.7147819995880127
288 0.6923980712890625
252 0.7094829082489014
302 0.6744694709777832
310 0.6654412746429443
342 0.6580414772033691
272 0.6863808631896973
289 0.6804616451263428
269 0.6906731128692627
258 0.6979579925537109
333 0.6499311923980713
294 0.6775476932525635
334 0.646226167678833
251 0.6997785568237305
268 0.6859257221221924
254 0.7056186199188232
284 0.6773662567138672
259 0.7014853954315186
260 0.7044384479522705
317 0.664898157119751
284 0.6875250339508057
286 0.6864724159240723
263 0.7035396099090576
257 0.6940889358520508
292 0.6695473194122314
290 0.6708531379699707
278 0.6832914352416992
296 0.6765339374542236
306 0.6679582595825195
260 0.7069945335388184
287 0.6802847385406494
285 0.6817734241485596
300 0.6767740249633789
324 0.6728127002716064
266 0.6975462436676025
255 0.7124292850494385
279 0.6846935749053955
273 0.6812243461608887
281 0.6855909824371338
288 0.6797714233398438
340 0.6394598484039307
258 0.6880011558532715
248 0.7039563655853271
332 0.6497242450714111
265 0.6910135746002197
324 0.6601583957672119
272 0.6984057426452637
283 0.6853106021881104
281 0.6811423301696777
256 0.7038297653198242
301 0.6677200794219971
308 0.653317928314209
309 0.6572611331939697
260 0.7008016109466553
311 0.6642940044403076
297 0.6816897392272949
307 0.6549832820892334
301 0.664372444152832
270 0.6919763088226318
270 0.6953682899475098
244 0.715693473815918
268 0.6966230869293213
268 0.6972477436065674
254 0.7120609283447266
267 0.7041435241699219
241 0.7111172676086426
293 0.6704666614532471
266 0.6946811676025391
286 0.6734521389007568
265 0.7183196544647217
301 0.6641366481781006
275 0.7011077404022217
396 0.6182024478912354
278 0.68222975730896
271 0.7000875473022461
320 0.6622140407562256
330 0.6529512405395508
321 0.6569101810455322
268 0.6968748569488525
255 0.7071168422698975
260 0.7060995101928711
290 0.6910498142242432
353 0.6424424648284912
280 0.6763546466827393
297 0.6669692993164062
300 0.6695249080657959
321 0.6656537055969238
265 0.7054104804992676
304 0.6807255744934082
287 0.6912782192230225
307 0.662529468536377
323 0.6595921516418457
254 0.6909825801849365
264 0.6885418891906738
350 0.6441762447357178
252 0.687126636505127
261 0.6939356327056885
316 0.6586737632751465
283 0.6903903484344482
299 0.6689202785491943
297 0.6706573963165283
257 0.6967368125915527
318 0.6692359447479248
281 0.679610013961792
286 0.6722805500030518
311 0.6770896911621094
279 0.6814334392547607
253 0.7031030654907227
271 0.6944315433502197
274 0.6892995834350586
247 0.7041041851043701
319 0.6578755378723145
440 0.5671744346618652
276 0.7015097141265869
282 0.682131290435791
290 0.6731696128845215
320 0.6557679176330566
283 0.694939374923706
316 0.6723830699920654
270 0.6894307136535645
289 0.680708646774292
315 0.6641194820404053
268 0.6942408084869385
283 0.6869466304779053
273 0.6924991607666016
246 0.7160422801971436
311 0.6888258457183838
275 0.6952648162841797
296 0.6633858680725098
273 0.7006118297576904
274 0.6873176097869873
268 0.6966304779052734
252 0.6924862861633301
277 0.6868915557861328
271 0.7004055976867676
309 0.6592037677764893
298 0.6639528274536133
258 0.7080986499786377
271 0.6973612308502197
260 0.7058315277099609
260 0.6942577362060547
284 0.693340539932251
264 0.6913313865661621
260 0.6841466426849365
302 0.6709637641906738
281 0.6710917949676514
243 0.69980788230896
272 0.6896860599517822
268 0.7066168785095215
314 0.6616814136505127
293 0.6818344593048096
273 0.6921565532684326
283 0.6806926727294922
275 0.6834967136383057
299 0.6819057464599609
359 0.6324572563171387
276 0.687556266784668
299 0.6699156761169434
288 0.6916656494140625
245 0.7128152847290039
316 0.6496388912200928
283 0.6783502101898193
257 0.696221113204956
255 0.7024240493774414
262 0.6867444515228271
291 0.6840932369232178
323 0.6611299514770508
265 0.6897487640380859
256 0.6946456432342529
302 0.6752030849456787
287 0.6880321502685547
292 0.6851632595062256
286 0.6867403984069824
289 0.6813254356384277
353 0.6445794105529785
267 0.6848864555358887
279 0.6853618621826172
256 0.7025260925292969
247 0.6997838020324707
384 0.610034704208374
289 0.6796994209289551
284 0.6845111846923828
256 0.6983633041381836
319 0.6646909713745117
282 0.6919198036193848
271 0.6944236755371094
302 0.6709022521972656
264 0.7031099796295166
236 0.7160243988037109
230 0.7153370380401611
279 0.6838521957397461
264 0.6922471523284912
276 0.6912882328033447
273 0.6822347640991211
286 0.6799418926239014
261 0.6955370903015137
280 0.6888360977172852
251 0.7126593589782715
390 0.6182601451873779
355 0.6378860473632812
348 0.6308712959289551
274 0.6846513748168945
285 0.6857194900512695
234 0.708820104598999
285 0.6799607276916504
282 0.6890265941619873
279 0.6926529407501221
258 0.7017543315887451
339 0.6541492938995361
298 0.6735825538635254
263 0.7069101333618164
269 0.7028703689575195
295 0.6823148727416992
282 0.6791532039642334
296 0.6775946617126465
344 0.6521258354187012
250 0.7072398662567139
265 0.6850380897521973
298 0.678642988204956
285 0.6780219078063965
314 0.6584372520446777
273 0.700016975402832
412 0.601229190826416
279 0.6805408000946045
316 0.6586475372314453
236 0.7160587310791016
285 0.6804051399230957
266 0.6946771144866943
290 0.6872296333312988
285 0.6779758930206299
252 0.7094230651855469
271 0.7058684825897217
266 0.6942212581634521
291 0.6784918308258057
268 0.6939020156860352
261 0.6981556415557861
308 0.671954870223999
270 0.6897914409637451
257 0.7032015323638916
278 0.6901652812957764
265 0.709519624710083
290 0.6836075782775879
279 0.6825065612792969
263 0.694448709487915
325 0.6647951602935791
250 0.7000463008880615
275 0.6921701431274414
342 0.642636775970459
276 0.6888871192932129
244 0.7247104644775391
356 0.6327812671661377
306 0.6543614864349365
266 0.701380729675293
272 0.6898250579833984
265 0.6911711692810059
340 0.6395888328552246
257 0.714573860168457
297 0.66945481300354
272 0.6959750652313232
312 0.6717572212219238
256 0.7009134292602539
272 0.6883563995361328
350 0.641808032989502
293 0.680182933807373
281 0.6757593154907227
260 0.7052364349365234
285 0.6780679225921631
250 0.6943907737731934
273 0.6949729919433594
263 0.6994469165802002
308 0.6687221527099609
268 0.6858205795288086
287 0.6854257583618164
290 0.670278787612915
353 0.6368942260742188
247 0.7043559551239014
305 0.664294958114624
278 0.695481538772583
311 0.6660590171813965
266 0.6858019828796387
236 0.7151567935943604
286 0.669121265411377
292 0.6742091178894043
269 0.6904139518737793
278 0.690640926361084
262 0.6995677947998047
327 0.6417315006256104
277 0.7044646739959717
274 0.6871554851531982
269 0.6967012882232666
285 0.6768457889556885
265 0.7088425159454346
288 0.6843667030334473
273 0.6983506679534912
281 0.6824603080749512
258 0.6959807872772217
264 0.6877036094665527
389 0.5988848209381104
306 0.6761200428009033
315 0.6706311702728271
269 0.6881208419799805
290 0.6699895858764648
334 0.6427793502807617
263 0.6994915008544922
251 0.6952216625213623
296 0.6809070110321045
304 0.6680560111999512
314 0.6576087474822998
262 0.7005505561828613
345 0.6350531578063965
340 0.6512451171875
256 0.7005155086517334
245 0.7093286514282227
239 0.7072646617889404
272 0.6816833019256592
261 0.6948630809783936
258 0.6991701126098633
292 0.6827068328857422
322 0.6476213932037354
292 0.6755294799804688
253 0.6945681571960449
244 0.7099151611328125
279 0.6998112201690674
285 0.6743423938751221
305 0.6798405647277832
335 0.6550107002258301
263 0.6980845928192139
280 0.6933815479278564
263 0.7058596611022949
292 0.6748919486999512
277 0.6892261505126953
290 0.67600417137146
251 0.7005298137664795
262 0.7030298709869385
294 0.6742138862609863
260 0.6971485614776611
259 0.6934182643890381
270 0.6882386207580566
255 0.7325875759124756
362 0.6257627010345459
276 0.6906237602233887
305 0.6666338443756104
286 0.6822497844696045
296 0.6844267845153809
231 0.7097010612487793
274 0.6922502517700195
283 0.6788890361785889
301 0.669292688369751
291 0.6740055084228516
240 0.7177281379699707
254 0.7043473720550537
240 0.7176015377044678
294 0.6739883422851562
271 0.6904985904693604
274 0.6872866153717041
244 0.7227919101715088
350 0.6257619857788086
307 0.6718673706054688
265 0.7329130172729492
296 0.6812961101531982
258 0.6931488513946533
298 0.675112247467041
334 0.6468579769134521
286 0.6803598403930664
274 0.6896007061004639
292 0.6774709224700928
271 0.7006351947784424
279 0.6880319118499756
277 0.7033522129058838
271 0.6976923942565918
330 0.6582870483398438
269 0.6997766494750977
248 0.7051613330841064
259 0.7014901638031006
325 0.6568765640258789
261 0.705467939376831
299 0.67118239402771
279 0.6908426284790039
289 0.6910364627838135
312 0.6688141822814941
254 0.6983468532562256
323 0.6578478813171387
285 0.6781752109527588
258 0.7050595283508301
259 0.6919476985931396
289 0.6848328113555908
280 0.6890003681182861
314 0.6702976226806641
352 0.6430160999298096
257 0.6968410015106201
280 0.6801645755767822
263 0.7007851600646973
300 0.6739046573638916
255 0.708202600479126
279 0.6811728477478027
273 0.6915440559387207
257 0.7032489776611328
302 0.6662702560424805
303 0.6722524166107178
256 0.6966221332550049
316 0.6598374843597412
316 0.6640017032623291
348 0.6380643844604492
287 0.6830809116363525
325 0.6496703624725342
276 0.6971855163574219
248 0.7031762599945068
312 0.6616172790527344
293 0.6869935989379883
247 0.7017204761505127
323 0.6612837314605713
322 0.656752347946167
396 0.6182196140289307
266 0.7026703357696533
334 0.6438949108123779
262 0.7004926204681396
268 0.6906335353851318
274 0.6931443214416504
262 0.6937277317047119
463 0.5659675598144531
258 0.6990306377410889
281 0.6794922351837158
331 0.6498885154724121
277 0.6885147094726562
313 0.6718926429748535
267 0.7023344039916992
276 0.6958496570587158
299 0.6713900566101074
283 0.6751148700714111
304 0.6639792919158936
252 0.6932535171508789
278 0.6936700344085693
248 0.7111048698425293
332 0.6439199447631836
262 0.6960375308990479
289 0.6735825538635254
308 0.6754281520843506
258 0.7033898830413818
273 0.6956541538238525
270 0.6991214752197266
280 0.689471960067749
272 0.6826112270355225
266 0.6994335651397705
327 0.6540431976318359
256 0.6990201473236084
279 0.6964821815490723
303 0.6698980331420898
293 0.6801979541778564
257 0.703944206237793
280 0.6922109127044678
298 0.6695942878723145
276 0.6799049377441406
273 0.6911916732788086
322 0.6616744995117188
292 0.6748740673065186
296 0.6828804016113281
264 0.690864086151123
308 0.6620409488677979
396 0.6070237159729004
263 0.6982297897338867
314 0.6527321338653564
255 0.693779468536377
302 0.662949800491333
307 0.6665909290313721
256 0.6979892253875732
314 0.6728436946868896
292 0.68235182762146
313 0.6812863349914551
257 0.6985633373260498
314 0.6638445854187012
275 0.6910300254821777
232 0.7240042686462402
278 0.6820275783538818
279 0.6978039741516113
263 0.6945536136627197
273 0.6771440505981445
254 0.7080280780792236
259 0.6993801593780518
357 0.6350440979003906
312 0.6680107116699219
340 0.6581559181213379
284 0.6816940307617188
261 0.703770637512207
311 0.6644463539123535
288 0.6752407550811768
276 0.6827828884124756
252 0.6921482086181641
269 0.7003483772277832
303 0.6718809604644775
291 0.6703064441680908
391 0.6118183135986328
279 0.6933400630950928
298 0.6752188205718994
334 0.643089771270752
293 0.67905592918396
269 0.693352222442627
295 0.686835765838623
272 0.6934616565704346
292 0.6942625045776367
265 0.6996893882751465
276 0.6952190399169922
281 0.674290657043457
280 0.6752936840057373
375 0.606705904006958
288 0.6856043338775635
302 0.6803302764892578
289 0.6910812854766846
285 0.6871204376220703
286 0.6890859603881836
292 0.6857700347900391
299 0.6864984035491943
427 0.5866379737854004
270 0.6927251815795898
264 0.7009186744689941
262 0.6997478008270264
273 0.6976180076599121
359 0.6488685607910156
280 0.6988999843597412
286 0.6844470500946045
270 0.7009174823760986
292 0.6721653938293457
353 0.6306579113006592
303 0.6696879863739014
335 0.6509068012237549
270 0.7066545486450195
312 0.668081521987915
262 0.7069234848022461
266 0.7007339000701904
288 0.68711256980896
263 0.6868572235107422
273 0.694206714630127
348 0.6258087158203125
253 0.7127711772918701
342 0.6471900939941406
259 0.6977391242980957
270 0.6894500255584717
319 0.6548535823822021
294 0.6687536239624023
294 0.6689836978912354
252 0.710381269454956
267 0.6864142417907715
313 0.6638355255126953
255 0.7078232765197754
283 0.6747124195098877
287 0.6852033138275146
290 0.6756026744842529
282 0.6818854808807373
268 0.7050106525421143
310 0.6714117527008057
290 0.6759581565856934
258 0.6903603076934814
288 0.6759657859802246
270 0.6917364597320557
268 0.700660228729248
273 0.6973633766174316
268 0.6954770088195801
273 0.6893453598022461
322 0.6576824188232422
286 0.6979982852935791
269 0.6839532852172852
298 0.6767492294311523
265 0.69608473777771
262 0.698737382888794
287 0.6849968433380127
275 0.686328649520874
271 0.6997754573822021
303 0.6587238311767578
260 0.6987884044647217
272 0.6904969215393066
280 0.678457498550415
347 0.6349465847015381
289 0.6839005947113037
248 0.6911430358886719
285 0.6956160068511963
285 0.6819283962249756
283 0.6884188652038574
271 0.6955323219299316
244 0.7080323696136475
292 0.6857521533966064
270 0.6891648769378662
266 0.6974685192108154
243 0.7062718868255615
258 0.7002608776092529
298 0.6685233116149902
331 0.6539661884307861
304 0.6758809089660645
253 0.6955792903900146
291 0.6755690574645996
279 0.6899814605712891
276 0.689061164855957
296 0.6812405586242676
299 0.6574549674987793
280 0.6750726699829102
287 0.6815056800842285
364 0.6243753433227539
305 0.6699588298797607
272 0.6872420310974121
291 0.675081729888916
295 0.7135186195373535
286 0.6871366500854492
298 0.6723589897155762
258 0.713137149810791
281 0.6915414333343506
263 0.7204720973968506
324 0.6620287895202637
256 0.7071847915649414
268 0.6986088752746582
275 0.6961441040039062
244 0.7192564010620117
311 0.6819243431091309
285 0.6853303909301758
284 0.6842789649963379
294 0.6813373565673828
289 0.6792905330657959
286 0.6841089725494385
339 0.6477444171905518
254 0.704756498336792
322 0.655423641204834
260 0.709038257598877
320 0.6570956707000732
267 0.6994876861572266
260 0.6976754665374756
282 0.6899726390838623
328 0.6612896919250488
275 0.6925983428955078
257 0.7056353092193604
298 0.6788601875305176
245 0.7262725830078125
336 0.640284538269043
287 0.6772463321685791
255 0.6987090110778809
256 0.6989257335662842
338 0.6492037773132324
279 0.6828069686889648
318 0.6560704708099365
260 0.7150938510894775
329 0.645768404006958
297 0.6679770946502686
271 0.6962194442749023
304 0.6746878623962402
305 0.6622946262359619
286 0.6831145286560059
289 0.6745946407318115
265 0.6860449314117432
266 0.6997601985931396
280 0.6886422634124756
305 0.6620488166809082
265 0.6929194927215576
232 0.7078533172607422
286 0.678020715713501
360 0.6351139545440674
264 0.6908643245697021
274 0.6857094764709473
333 0.6467187404632568
258 0.690579891204834
277 0.6826601028442383
262 0.7003846168518066
279 0.6878089904785156
265 0.6939289569854736
287 0.6817667484283447
279 0.6838200092315674
363 0.6220214366912842
279 0.6970241069793701
310 0.6737070083618164
302 0.673424482345581
290 0.6812458038330078
284 0.691112756729126
282 0.6964991092681885
253 0.7019369602203369
277 0.7018423080444336
295 0.6762449741363525
263 0.6972339153289795
271 0.7014133930206299
296 0.6845805644989014
261 0.697983980178833
269 0.6994426250457764
277 0.6920595169067383
291 0.697568416595459
293 0.6820940971374512
240 0.7176282405853271
287 0.6848406791687012
296 0.6746628284454346
286 0.6845717430114746
270 0.6999108791351318
269 0.6910042762756348
299 0.6792497634887695
260 0.6973025798797607
330 0.6483194828033447
298 0.6683392524719238
359 0.6281185150146484
279 0.7024297714233398
298 0.6791641712188721
277 0.6868793964385986
288 0.6786839962005615
296 0.69374680519104
269 0.6899285316467285
294 0.6891005039215088
229 0.7148458957672119
302 0.6728959083557129
314 0.6600728034973145
264 0.6924600601196289
257 0.6908345222473145
251 0.7002384662628174
247 0.7121875286102295
284 0.6774013042449951
290 0.6770443916320801
275 0.6943774223327637
293 0.6765367984771729
279 0.680908203125
288 0.6851563453674316
279 0.6959378719329834
259 0.6960387229919434
260 0.687267541885376
272 0.6986956596374512
281 0.6834032535552979
273 0.695049524307251
297 0.6767799854278564
261 0.6927986145019531
284 0.6704709529876709
285 0.6838881969451904
296 0.6805706024169922
265 0.7028024196624756
314 0.6662743091583252
290 0.6828484535217285
358 0.6372847557067871
246 0.7225298881530762
251 0.7023961544036865
264 0.6950769424438477
351 0.6394107341766357
283 0.6835672855377197
277 0.6972324848175049
297 0.6714432239532471
277 0.687920331954956
267 0.6980218887329102
241 0.7108831405639648
282 0.6815207004547119
289 0.6913223266601562
346 0.648956298828125
283 0.6858854293823242
298 0.6908202171325684
264 0.699512243270874
270 0.6858580112457275
321 0.6537024974822998
321 0.6513411998748779
244 0.7167055606842041
272 0.6840243339538574
295 0.667346715927124
270 0.700070858001709
282 0.6934804916381836
270 0.6910405158996582
285 0.6756432056427002
280 0.6950397491455078
306 0.6795351505279541
263 0.6992101669311523
248 0.7007279396057129
260 0.7043471336364746
332 0.6673450469970703
260 0.7040371894836426
265 0.7035117149353027
264 0.6893305778503418
256 0.7036793231964111
268 0.6878025531768799
270 0.6987161636352539
266 0.6989517211914062
324 0.6659812927246094
337 0.6371779441833496
275 0.69346022605896
289 0.6871809959411621
271 0.702434778213501
368 0.6218736171722412
327 0.6570734977722168
252 0.7021591663360596
312 0.6615312099456787
342 0.6445579528808594
297 0.6811230182647705
334 0.6606299877166748
267 0.6864321231842041
259 0.6999421119689941
289 0.6733500957489014
286 0.680497407913208
243 0.7088277339935303
260 0.7046718597412109
260 0.6995673179626465
312 0.6625404357910156
273 0.6882567405700684
273 0.6880693435668945
283 0.6757309436798096
297 0.6732387542724609
280 0.6914615631103516
266 0.6917428970336914
291 0.6834566593170166
301 0.6893997192382812
455 0.5691094398498535
252 0.6991355419158936
282 0.6834373474121094
269 0.6989238262176514
263 0.6935045719146729
289 0.6847414970397949
289 0.6807279586791992
282 0.673259973526001
340 0.6462838649749756
304 0.664783239364624
278 0.6800086498260498
391 0.6052587032318115
279 0.6896662712097168
267 0.6917529106140137
266 0.6888704299926758
256 0.7052638530731201
293 0.6874523162841797
281 0.68304443359375
270 0.6916320323944092
291 0.6860783100128174
279 0.687476634979248
305 0.6756880283355713
293 0.6810503005981445
245 0.7141733169555664
304 0.6722965240478516
266 0.6921100616455078
291 0.6744089126586914
286 0.6850593090057373
262 0.696986198425293
287 0.68227219581604
296 0.6716947555541992
260 0.7068657875061035
248 0.702815055847168
275 0.6846704483032227
270 0.6963553428649902
275 0.6920421123504639
287 0.6967675685882568
296 0.6602275371551514
275 0.6888096332550049
277 0.7087721824645996
306 0.6714682579040527
270 0.6932880878448486
264 0.6928651332855225
322 0.6547493934631348
282 0.6874246597290039
335 0.6497540473937988
243 0.7032473087310791
252 0.7115378379821777
278 0.6869676113128662
255 0.6930038928985596
299 0.6720616817474365
263 0.7043178081512451
300 0.6798889636993408
358 0.6261894702911377
275 0.6858546733856201
287 0.6819643974304199
311 0.6680958271026611
282 0.6883678436279297
277 0.6844997406005859
249 0.702437162399292
256 0.6980223655700684
241 0.7049601078033447
270 0.6885719299316406
267 0.7027525901794434
283 0.6873383522033691
251 0.7048454284667969
370 0.6599826812744141
248 0.7288680076599121
259 0.6956548690795898
255 0.7030174732208252
288 0.6807055473327637
298 0.6743817329406738
274 0.6946103572845459
342 0.643779993057251
335 0.6387503147125244
292 0.6825213432312012
283 0.6674144268035889
245 0.7008931636810303
253 0.7177073955535889
351 0.6526272296905518
271 0.6898565292358398
257 0.6981039047241211
265 0.6907937526702881
250 0.6976985931396484
255 0.721121072769165
273 0.6791377067565918
285 0.6921379566192627
243 0.7117626667022705
280 0.6805500984191895
265 0.6841981410980225
277 0.6984171867370605
290 0.6693744659423828
277 0.6820666790008545
259 0.70660400390625
304 0.6835558414459229
258 0.7148036956787109
256 0.6898539066314697
291 0.6848795413970947
278 0.6896357536315918
290 0.6746077537536621
275 0.6806812286376953
279 0.688457727432251
337 0.6433806419372559
287 0.6991796493530273
371 0.6185760498046875
304 0.6778185367584229
265 0.6943912506103516
354 0.6415708065032959
265 0.7015769481658936
254 0.7032797336578369
258 0.6908965110778809
265 0.6970865726470947
253 0.7150974273681641
282 0.6908223628997803
268 0.6997075080871582
265 0.6868982315063477
293 0.6827929019927979
361 0.6343669891357422
322 0.655245304107666
292 0.6829595565795898
260 0.6928248405456543
345 0.6393918991088867
268 0.6923561096191406
259 0.6975607872009277
280 0.6778230667114258
356 0.6379568576812744
352 0.6328597068786621
322 0.6408588886260986
250 0.7056515216827393
257 0.7005352973937988
266 0.6931853294372559
285 0.6765174865722656
306 0.6531198024749756
259 0.7050244808197021
308 0.6681251525878906
252 0.7040045261383057
289 0.689159631729126
326 0.6559081077575684
271 0.6937966346740723
269 0.6937329769134521
297 0.6785972118377686
275 0.6855404376983643
306 0.6708495616912842
267 0.6907734870910645
342 0.6380929946899414
268 0.6882295608520508
260 0.7042884826660156
280 0.6861269474029541
255 0.7016067504882812
290 0.6742196083068848
315 0.6715221405029297
