e-greedy
2157 3.799644708633423
2008 3.884935140609741
2157 3.750452995300293
2008 3.879772186279297
2157 3.757817506790161
2008 3.8990895748138428
2157 3.7668144702911377
2008 3.8871512413024902
2157 3.749753952026367
2008 3.881179094314575
2157 3.754993438720703
2008 3.8841934204101562
2157 3.7494771480560303
2008 3.886138439178467
2157 3.7768523693084717
2008 3.8836581707000732
2157 3.757323741912842
2008 3.873792886734009
2157 3.747708320617676
2008 3.871767044067383
2157 3.7600955963134766
2008 3.875828742980957
2157 3.7486865520477295
2008 3.873518705368042
2157 3.7645797729492188
2008 3.8860180377960205
2157 3.750112295150757
2008 3.875349283218384
2157 3.751680850982666
2008 3.872981071472168
2157 3.749262571334839
2008 3.8675694465637207
2157 3.770697832107544
2008 3.8794267177581787
2157 3.743990659713745
2008 3.8675966262817383
2157 3.758240222930908
2008 3.8790738582611084
2157 3.750194787979126
2008 3.881629228591919
2157 3.7537901401519775
2008 3.877978801727295
2157 3.7556567192077637
2008 3.8784399032592773
2157 3.7493066787719727
2008 3.8726372718811035
2157 3.7440154552459717
2008 3.868004083633423
2157 3.725019693374634
2008 3.849388599395752
2157 3.744056224822998
2008 3.84626841545105
2157 3.7318828105926514
2008 3.8244102001190186
2157 3.718338966369629
2008 3.842545509338379
2157 3.7123067378997803
2008 3.8374269008636475
2157 3.715583562850952
2008 3.83902645111084
2157 3.6979098320007324
2008 3.821807861328125
2157 3.7108852863311768
2008 3.828507900238037
2157 3.7083680629730225
2008 3.833343267440796
2157 3.7139170169830322
2008 3.8297135829925537
2157 3.7181785106658936
2008 3.839454174041748
2157 3.709010362625122
2008 3.840085029602051
2157 3.7155508995056152
2008 3.83345627784729
2157 3.713158130645752
2008 3.8382184505462646
2157 3.7028841972351074
2008 3.8241310119628906
2157 3.6991126537323
2008 3.8242979049682617
2157 3.6923725605010986
2008 3.8188869953155518
2157 3.6880886554718018
2008 3.8088700771331787
2157 3.6876463890075684
2008 3.817627429962158
2157 3.7057976722717285
2008 3.8307104110717773
2157 3.6971595287323
2008 3.822014570236206
2157 3.694288730621338
2008 3.8198256492614746
2157 3.698659658432007
2008 3.815524101257324
2157 3.700730323791504
2008 3.8274261951446533
2157 3.6983771324157715
2008 3.818986654281616
2157 3.6904027462005615
2008 3.814039468765259
2157 3.6818065643310547
2008 3.809494733810425
2157 3.696781873703003
2008 3.8136961460113525
2157 3.6901590824127197
2008 3.8411519527435303
2157 3.688680410385132
2008 3.8130722045898438
2157 3.6825387477874756
2008 3.8056488037109375
2157 3.6987807750701904
2008 3.8181984424591064
2157 3.682542324066162
2008 3.807685136795044
2157 3.702162981033325
2008 3.8190863132476807
2157 3.687387228012085
2008 3.8161497116088867
2157 3.692552328109741
2008 3.813016653060913
2157 3.692948818206787
2008 3.81532883644104
2157 3.6937625408172607
2008 3.837984323501587
2157 3.6914191246032715
2008 3.8142099380493164
2157 3.697283983230591
2008 3.8269355297088623
2157 3.7099649906158447
2008 3.8197317123413086
2157 3.6836678981781006
2008 3.8118858337402344
2157 3.702223062515259
2008 3.8344509601593018
2157 3.697096347808838
2008 3.8216774463653564
2157 3.7060189247131348
2008 3.818817377090454
2157 3.7090940475463867
2008 3.8317742347717285
2157 3.7127413749694824
2008 3.852877616882324
2157 3.6918282508850098
2008 3.813778877258301
2157 3.705944776535034
2008 3.8325695991516113
2157 3.7081215381622314
2008 3.8270347118377686
2157 3.711388111114502
2008 3.83589506149292
2157 3.6998960971832275
2008 3.8237781524658203
2157 3.702009439468384
2008 3.82948637008667
2157 3.707453966140747
2008 3.8291213512420654
2157 3.707690715789795
2008 3.8302273750305176
2157 3.7030153274536133
2008 3.829986333847046
2157 3.7160849571228027
2008 3.839599609375
2157 3.6986472606658936
2008 3.821098804473877
2157 3.69707989692688
2008 3.823361396789551
2157 3.7067296504974365
2008 3.8275272846221924
2157 3.706601619720459
2008 3.8345069885253906
2157 3.705850839614868
2008 3.8208799362182617
2157 3.711012363433838
2008 3.8344767093658447
2157 3.7055234909057617
2008 3.8262686729431152
2157 3.7058475017547607
2008 3.8336760997772217
2157 3.7069857120513916
2008 3.8261935710906982
2157 3.7095000743865967
2008 3.828199863433838
2157 3.6995983123779297
2008 3.8259518146514893
2157 3.711824893951416
2008 3.835710287094116
2157 3.7126991748809814
2008 3.833742141723633
2157 3.70624041557312
2008 3.825819492340088
2157 3.7089061737060547
2008 3.828003406524658
2157 3.708312749862671
2008 3.8315329551696777
2157 3.7009499073028564
2008 3.8244993686676025
2157 3.7047955989837646
2008 3.821683645248413
2157 3.684446096420288
2008 3.809311866760254
2157 3.6998696327209473
2008 3.8187129497528076
2157 3.693816661834717
2008 3.816666603088379
2157 3.688246965408325
2008 3.810256004333496
2157 3.6960439682006836
2008 3.8173155784606934
2157 3.6989247798919678
2008 3.8205652236938477
2157 3.696974515914917
2008 3.8217766284942627
2157 3.693817615509033
2008 3.8204898834228516
2157 3.7154133319854736
2008 3.826678991317749
2157 3.6980433464050293
2008 3.8221259117126465
2157 3.7045512199401855
2008 3.8215222358703613
2157 3.695906639099121
2008 3.823136329650879
2157 3.699725866317749
2008 3.825416088104248
2157 3.701335906982422
2008 3.8254246711730957
2157 3.7077274322509766
2008 3.826655864715576
2157 3.697260618209839
2008 3.8177754878997803
2157 3.7077317237854004
2008 3.831721544265747
2157 3.7100350856781006
2008 3.8163585662841797
2157 3.6849284172058105
2008 3.8047757148742676
2157 3.702425241470337
2008 3.821027994155884
2157 3.695941925048828
2008 3.8198180198669434
2157 3.6976072788238525
2008 3.8277769088745117
2157 3.701820135116577
2008 3.8223633766174316
2157 3.6950910091400146
2008 3.8208465576171875
2157 3.700348377227783
2008 3.8263683319091797
2157 3.7005999088287354
2008 3.824246883392334
2157 3.7066755294799805
2008 3.8270792961120605
2157 3.692584276199341
2008 3.8125054836273193
2157 3.706303834915161
2008 3.8183376789093018
2157 3.702319383621216
2008 3.8254501819610596
2157 3.6973366737365723
2008 3.827779769897461
2157 3.692178726196289
2008 3.8227221965789795
2157 3.6980183124542236
2008 3.8180437088012695
2157 3.6923317909240723
2008 3.8165202140808105
2157 3.6875433921813965
2008 3.808227300643921
2157 3.6962077617645264
2008 3.82296085357666
2157 3.697272777557373
2008 3.8162057399749756
2157 3.6966564655303955
2008 3.8191075325012207
2157 3.6899778842926025
2008 3.8087260723114014
2157 3.689188241958618
2008 3.825028419494629
2157 3.698448896408081
2008 3.8214733600616455
2157 3.69109845161438
2008 3.808868646621704
2157 3.7006540298461914
2008 3.8265974521636963
2157 3.6925995349884033
2008 3.8119680881500244
2157 3.6961662769317627
2008 3.8461410999298096
2157 3.691649913787842
2008 3.8106930255889893
2157 3.6923630237579346
2008 3.817051887512207
2157 3.690601110458374
2008 3.8167996406555176
2157 3.68402361869812
2008 3.8077170848846436
2157 3.6840996742248535
2008 3.8061559200286865
2157 3.6804041862487793
2008 3.795804023742676
2157 3.6844937801361084
2008 3.804891586303711
2157 3.67168927192688
2008 3.7953903675079346
2157 3.675969123840332
2008 3.818922996520996
2157 3.6737208366394043
2008 3.800414562225342
2157 3.673527717590332
2008 3.795661449432373
2157 3.671945810317993
2008 3.798768997192383
2157 3.6844265460968018
2008 3.808861494064331
2157 3.6847896575927734
2008 3.811918020248413
2157 3.679291009902954
2008 3.8053486347198486
2157 3.683622360229492
2008 3.808067798614502
2157 3.6846237182617188
2008 3.808166027069092
2157 3.682056427001953
2008 3.812593936920166
2157 3.684159755706787
2008 3.8138153553009033
2157 3.680746555328369
2008 3.8055014610290527
2157 3.6878116130828857
2008 3.81001877784729
2157 3.6932854652404785
2008 3.8123462200164795
2157 3.6924502849578857
2008 3.809382915496826
2157 3.687659978866577
2008 3.808034658432007
2157 3.6844558715820312
2008 3.8144044876098633
2157 3.689204692840576
2008 3.8142406940460205
2157 3.682600498199463
2008 3.8086533546447754
2157 3.687178134918213
2008 3.807382345199585
2157 3.690943479537964
2008 3.813955068588257
2157 3.690716028213501
2008 3.8160653114318848
2157 3.683405876159668
2008 3.811283826828003
2157 3.6791470050811768
2008 3.803601026535034
2157 3.682753086090088
2008 3.8050875663757324
2157 3.6809253692626953
2008 3.8101255893707275
2157 3.679203987121582
2008 3.8049285411834717
2157 3.681117057800293
2008 3.8121323585510254
2157 3.699214458465576
2008 3.8078272342681885
2157 3.6897799968719482
2008 3.811396598815918
2157 3.6868574619293213
2008 3.8124282360076904
2157 3.682250499725342
2008 3.8077900409698486
2157 3.6795766353607178
2008 3.8128561973571777
2157 3.684746265411377
2008 3.812479019165039
2157 3.6881237030029297
2008 3.8138084411621094
2157 3.688492774963379
2008 3.8191616535186768
2157 3.6895172595977783
2008 3.8089070320129395
2157 3.7057976722717285
2008 3.8122754096984863
2157 3.685648202896118
2008 3.8064169883728027
2157 3.6852970123291016
2008 3.8066935539245605
2157 3.68770170211792
2008 3.816190719604492
2157 3.687436580657959
2008 3.8093223571777344
2157 3.685802698135376
2008 3.8162193298339844
2157 3.691460132598877
2008 3.810206890106201
2157 3.671478033065796
2008 3.7987356185913086
2157 3.669959306716919
2008 3.790043830871582
2157 3.670501708984375
2008 3.795560121536255
2157 3.6707394123077393
2008 3.7997233867645264
2157 3.6671195030212402
2008 3.795710325241089
2157 3.6706717014312744
2008 3.795510768890381
2157 3.6672606468200684
2008 3.792062282562256
2157 3.6731300354003906
2008 3.7997288703918457
2157 3.6836938858032227
2008 3.807631015777588
2157 3.6843924522399902
2008 3.8066325187683105
2157 3.6761772632598877
2008 3.7986762523651123
2157 3.680290937423706
2008 3.82649827003479
2157 3.6798512935638428
2008 3.803790807723999
2157 3.6847805976867676
2008 3.810612201690674
2157 3.67966628074646
2008 3.8058416843414307
2157 3.680223226547241
2008 3.802558660507202
2157 3.676713705062866
2008 3.7988264560699463
2157 3.675205707550049
2008 3.8006138801574707
2157 3.6907594203948975
2008 3.8154287338256836
2157 3.6827080249786377
2008 3.81099796295166
2157 3.68552827835083
2008 3.827542304992676
2157 3.685774803161621
2008 3.8096373081207275
2157 3.6830952167510986
2008 3.8096930980682373
2157 3.6855907440185547
2008 3.8051514625549316
2157 3.6880762577056885
2008 3.8086917400360107
2157 3.6969072818756104
2008 3.8117640018463135
2157 3.687553644180298
2008 3.811526298522949
2157 3.687185764312744
2008 3.8205227851867676
2157 3.6844966411590576
2008 3.806241035461426
2157 3.682255983352661
2008 3.8031809329986572
2157 3.689513683319092
2008 3.8087050914764404
2157 3.6807963848114014
2008 3.8043017387390137
2157 3.684840440750122
2008 3.805537700653076
2157 3.678206443786621
2008 3.799907922744751
2157 3.6896700859069824
2008 3.809847354888916
2157 3.6854498386383057
2008 3.8041086196899414
2157 3.6871178150177
2008 3.810482978820801
2157 3.684938430786133
2008 3.809575080871582
2157 3.6915223598480225
2008 3.8131115436553955
2157 3.721924304962158
2008 3.8110833168029785
2157 3.685056209564209
2008 3.808929681777954
2157 3.686523199081421
2008 3.80871844291687
2157 3.6889312267303467
2008 3.810946464538574
2157 3.6867642402648926
2008 3.812243700027466
2157 3.693650007247925
2008 3.8168296813964844
2157 3.6918907165527344
2008 3.819157123565674
2157 3.6830570697784424
2008 3.804095983505249
2157 3.6920151710510254
2008 3.814094066619873
2157 3.7167787551879883
2008 3.8129820823669434
2157 3.6785550117492676
2008 3.8040401935577393
2157 3.6860694885253906
2008 3.8098556995391846
2157 3.67840576171875
2008 3.8008205890655518
2157 3.6665022373199463
2008 3.796076774597168
2157 3.67971134185791
2008 3.7995765209198
2157 3.6758105754852295
2008 3.80088210105896
2157 3.6804895401000977
2008 3.8043200969696045
2157 3.687124013900757
2008 3.8085367679595947
2157 3.6854164600372314
2008 3.8118700981140137
2157 3.670337438583374
2008 3.795475721359253
2157 3.6726338863372803
2008 3.798217535018921
2157 3.678858757019043
2008 3.798227310180664
2157 3.6701207160949707
2008 3.795395612716675
2157 3.6801583766937256
2008 3.7987306118011475
2157 3.683361530303955
2008 3.8148937225341797
2157 3.6927003860473633
2008 3.8119051456451416
2157 3.6906068325042725
2008 3.8109641075134277
2157 3.6953773498535156
2008 3.819425344467163
2157 3.6848790645599365
2008 3.8017847537994385
2157 3.6804168224334717
2008 3.8062286376953125
2157 3.6804144382476807
2008 3.803710699081421
2157 3.670973062515259
2008 3.8013665676116943
2157 3.6755123138427734
2008 3.7998926639556885
2157 3.6745409965515137
2008 3.798358678817749
2157 3.674325942993164
2008 3.7965781688690186
2157 3.682659864425659
2008 3.7984375953674316
2157 3.678905963897705
2008 3.8269755840301514
2157 3.6832187175750732
2008 3.803908348083496
2157 3.6729018688201904
2008 3.797900438308716
2157 3.6693708896636963
2008 3.7939186096191406
2157 3.6754775047302246
2008 3.8000898361206055
2157 3.6756162643432617
2008 3.7936933040618896
2157 3.6702945232391357
2008 3.790302276611328
2157 3.665506601333618
2008 3.791511058807373
2157 3.6778178215026855
2008 3.7981221675872803
2157 3.6732287406921387
2008 3.7931883335113525
2157 3.683242082595825
2008 3.8013644218444824
2157 3.6777637004852295
2008 3.799213171005249
2157 3.6859593391418457
2008 3.8086659908294678
2157 3.673677921295166
2008 3.801466226577759
2157 3.6746084690093994
2008 3.8042447566986084
2157 3.687380790710449
2008 3.810112714767456
2157 3.6868398189544678
2008 3.8092386722564697
2157 3.684091091156006
2008 3.8089678287506104
2157 3.6858153343200684
2008 3.8069205284118652
2157 3.7253007888793945
2008 3.8242385387420654
2157 3.681845188140869
2008 3.8029091358184814
2157 3.695460796356201
2008 3.8212223052978516
2157 3.68442964553833
2008 3.8058922290802
2157 3.6817891597747803
2008 3.8060083389282227
2157 3.673353433609009
2008 3.7951292991638184
2157 3.689546585083008
2008 3.810014009475708
2157 3.6864304542541504
2008 3.8097426891326904
2157 3.6797635555267334
2008 3.80055570602417
2157 3.692106008529663
2008 3.803257703781128
2157 3.6858692169189453
2008 3.809781789779663
2157 3.681884765625
2008 3.8116157054901123
2157 3.690657377243042
2008 3.8162577152252197
2157 3.683363676071167
2008 3.8115592002868652
2157 3.6839895248413086
2008 3.8054614067077637
2157 3.6911938190460205
2008 3.812631845474243
2157 3.6851606369018555
2008 3.8129544258117676
2157 3.6875345706939697
2008 3.8114731311798096
2157 3.679161548614502
2008 3.8110029697418213
2157 3.6839749813079834
2008 3.808873176574707
2157 3.681302547454834
2008 3.813112258911133
2157 3.68562388420105
2008 3.8032071590423584
2157 3.6905524730682373
2008 3.811225175857544
2157 3.68306827545166
2008 3.8048202991485596
2157 3.6854143142700195
2008 3.8072969913482666
2157 3.681051254272461
2008 3.806567430496216
2157 3.682201862335205
2008 3.811673879623413
2157 3.6855247020721436
2008 3.826118230819702
2157 3.6881096363067627
2008 3.8088908195495605
2157 3.6923718452453613
2008 3.816784620285034
2157 3.685904026031494
2008 3.8081369400024414
2157 3.6895525455474854
2008 3.812821865081787
2157 3.6743950843811035
2008 3.7980966567993164
2157 3.678297519683838
2008 3.7980904579162598
2157 3.673304557800293
2008 3.8019089698791504
2157 3.6710336208343506
2008 3.796754837036133
2157 3.673983335494995
2008 3.8009836673736572
2157 3.6760623455047607
2008 3.7958853244781494
2157 3.6706714630126953
2008 3.7967731952667236
2157 3.6743686199188232
2008 3.7933876514434814
2157 3.679626941680908
2008 3.8073978424072266
2157 3.678755044937134
2008 3.80918288230896
2157 3.6781768798828125
2008 3.803405523300171
2157 3.6759843826293945
2008 3.805156707763672
2157 3.6806817054748535
2008 3.8027398586273193
2157 3.678169012069702
2008 3.8076553344726562
2157 3.685171365737915
2008 3.81048321723938
2157 3.6789398193359375
2008 3.8024048805236816
2157 3.6809213161468506
2008 3.803166627883911
2157 3.6755075454711914
2008 3.8057968616485596
2157 3.6809587478637695
2008 3.8078324794769287
2157 3.6949613094329834
2008 3.8162879943847656
2157 3.6861839294433594
2008 3.8076069355010986
2157 3.6834118366241455
2008 3.8061141967773438
2157 3.6868479251861572
2008 3.811039686203003
2157 3.711611032485962
2008 3.809415340423584
2157 3.6854753494262695
2008 3.8108277320861816
2157 3.6802725791931152
2008 3.8078432083129883
2157 3.6801021099090576
2008 3.807333469390869
2157 3.6840593814849854
2008 3.812225818634033
2157 3.6832809448242188
2008 3.8071107864379883
2157 3.6836678981781006
2008 3.8126845359802246
2157 3.688117027282715
2008 3.8093221187591553
2157 3.6834628582000732
2008 3.8099358081817627
2157 3.6932032108306885
2008 3.8047237396240234
2157 3.6843957901000977
2008 3.8122901916503906
2157 3.6873998641967773
2008 3.813476085662842
2157 3.686554193496704
2008 3.8108608722686768
2157 3.6807610988616943
2008 3.8054440021514893
2157 3.685117244720459
2008 3.8089370727539062
2157 3.676837921142578
2008 3.8072946071624756
2157 3.694859504699707
2008 3.8143439292907715
2157 3.6867263317108154
2008 3.811391830444336
2157 3.6822807788848877
2008 3.811250686645508
2157 3.6904542446136475
2008 3.8115828037261963
2157 3.6870975494384766
2008 3.813077926635742
2157 3.683980703353882
2008 3.810845136642456
2157 3.685009241104126
2008 3.809544086456299
2157 3.7042019367218018
2008 3.8137528896331787
2157 3.6818599700927734
2008 3.806722402572632
2157 3.686911106109619
2008 3.8089654445648193
2157 3.6790778636932373
2008 3.80517315864563
2157 3.682619094848633
2008 3.82928729057312
2157 3.6879637241363525
2008 3.8100297451019287
2157 3.6840994358062744
2008 3.805474042892456
2157 3.693723201751709
2008 3.80623459815979
2157 3.692868709564209
2008 3.812394142150879
2157 3.6967735290527344
2008 3.8136556148529053
2157 3.6836938858032227
2008 3.807438850402832
2157 3.6874518394470215
2008 3.815951108932495
2157 3.684302806854248
2008 3.8083913326263428
2157 3.691171169281006
2008 3.8164169788360596
2157 3.6913278102874756
2008 3.8133997917175293
2157 3.684767484664917
2008 3.8078038692474365
2157 3.6951749324798584
2008 3.814742088317871
2157 3.694807291030884
2008 3.8220551013946533
2157 3.6920700073242188
2008 3.8169949054718018
2157 3.68813157081604
2008 3.8094184398651123
2157 3.6803061962127686
2008 3.8075110912323
2157 3.6770215034484863
2008 3.7975940704345703
2157 3.679227828979492
2008 3.806241989135742
2157 3.690798044204712
2008 3.8102450370788574
2157 3.677032947540283
2008 3.803718328475952
2157 3.6841392517089844
2008 3.8027727603912354
2157 3.6774370670318604
2008 3.8028385639190674
2157 3.6867077350616455
2008 3.8156731128692627
2157 3.678339719772339
2008 3.797858953475952
2157 3.6748952865600586
2008 3.7942886352539062
2157 3.6739113330841064
2008 3.800140380859375
2157 3.6920242309570312
2008 3.8105947971343994
2157 3.717413902282715
2008 3.813800573348999
2157 3.6874518394470215
2008 3.8080036640167236
2157 3.687488555908203
2008 3.810335636138916
2157 3.688656806945801
2008 3.814069986343384
2157 3.6853880882263184
2008 3.8097715377807617
2157 3.691157579421997
2008 3.8095896244049072
2157 3.686556100845337
2008 3.7971930503845215
2157 3.6811184883117676
2008 3.811593532562256
2157 3.684624433517456
2008 3.805551052093506
2157 3.706056594848633
2008 3.8012118339538574
2157 3.689396619796753
2008 3.8080787658691406
2157 3.6802520751953125
2008 3.8068785667419434
2157 3.6857151985168457
2008 3.8055005073547363
2157 3.690898895263672
2008 3.812518835067749
2157 3.6915297508239746
2008 3.808666944503784
2157 3.6914961338043213
2008 3.816432476043701
2157 3.693610668182373
2008 3.8120574951171875
2157 3.6940393447875977
2008 3.8116343021392822
2157 3.6781399250030518
2008 3.8119144439697266
2157 3.6874401569366455
2008 3.8128280639648438
2157 3.684230089187622
2008 3.811478614807129
2157 3.684715986251831
2008 3.809988021850586
2157 3.6906042098999023
2008 3.8163721561431885
2157 3.686084508895874
2008 3.809335708618164
2157 3.692861795425415
2008 3.813636302947998
2157 3.6925506591796875
2008 3.8130269050598145
2157 3.6882569789886475
2008 3.8099770545959473
2157 3.687427520751953
2008 3.830406904220581
2157 3.685558557510376
2008 3.8133151531219482
2157 3.699768304824829
2008 3.8246772289276123
2157 3.6915268898010254
2008 3.811737537384033
2157 3.6859757900238037
2008 3.813417434692383
2157 3.6888697147369385
2008 3.8154706954956055
2157 3.691542863845825
2008 3.8194644451141357
2157 3.6916959285736084
2008 3.8187570571899414
2157 3.6894664764404297
2008 3.8154757022857666
2157 3.6884214878082275
2008 3.831319570541382
2157 3.6959829330444336
2008 3.8117620944976807
2157 3.6834304332733154
2008 3.8050129413604736
2157 3.696843147277832
2008 3.815937042236328
2157 3.690220832824707
2008 3.807893753051758
2157 3.6785762310028076
2008 3.8039979934692383
2157 3.680666923522949
2008 3.8013572692871094
2157 3.6824893951416016
2008 3.8113627433776855
2157 3.688483476638794
2008 3.8093647956848145
2157 3.682208776473999
2008 3.8041279315948486
2157 3.681434392929077
2008 3.804666042327881
2157 3.6828386783599854
2008 3.807504892349243
2157 3.6850943565368652
2008 3.8067116737365723
2157 3.6775996685028076
2008 3.802856922149658
2157 3.6755847930908203
2008 3.802987575531006
2157 3.687420606613159
2008 3.8099136352539062
2157 3.684091806411743
2008 3.811081647872925
2157 3.6899406909942627
2008 3.811614513397217
2157 3.6731600761413574
2008 3.7952311038970947
2157 3.7009358406066895
2008 3.7976531982421875
2157 3.6786274909973145
2008 3.8089208602905273
2157 3.6713247299194336
2008 3.8086109161376953
2157 3.680161714553833
2008 3.804245948791504
2157 3.688185214996338
2008 3.822134017944336
2157 3.6849753856658936
2008 3.807328939437866
2157 3.690767765045166
2008 3.8159751892089844
2157 3.6829349994659424
2008 3.813427686691284
2157 3.689387798309326
2008 3.8144092559814453
2157 3.7145028114318848
2008 3.808589220046997
2157 3.6869912147521973
2008 3.814594268798828
2157 3.6915321350097656
2008 3.8163082599639893
2157 3.6925344467163086
2008 3.8101389408111572
2157 3.691821813583374
2008 3.8071706295013428
2157 3.685591697692871
2008 3.8164873123168945
2157 3.689023017883301
2008 3.8094780445098877
2157 3.6936309337615967
2008 3.810349702835083
2157 3.685143232345581
2008 3.8040971755981445
2157 3.6881027221679688
2008 3.8150956630706787
2157 3.6906614303588867
2008 3.812732696533203
2157 3.6870760917663574
2008 3.8227100372314453
2157 3.682114601135254
2008 3.805558443069458
2157 3.6896920204162598
2008 3.819345474243164
2157 3.701599359512329
2008 3.8177707195281982
2157 3.6939754486083984
2008 3.8173811435699463
2157 3.684089422225952
2008 3.8095998764038086
2157 3.6890454292297363
2008 3.8166544437408447
2157 3.6916744709014893
2008 3.8408420085906982
2157 3.6868889331817627
2008 3.8124260902404785
2157 3.6863017082214355
2008 3.8137218952178955
2157 3.6844589710235596
2008 3.8076469898223877
2157 3.692371129989624
2008 3.8119993209838867
2157 3.697268009185791
2008 3.8203768730163574
2157 3.6901586055755615
2008 3.8144099712371826
2157 3.6814258098602295
2008 3.807082414627075
2157 3.6791276931762695
2008 3.8040480613708496
2157 3.677797794342041
2008 3.8260040283203125
2157 3.6818273067474365
2008 3.805011749267578
2157 3.6842141151428223
2008 3.8109049797058105
2157 3.6859285831451416
2008 3.8022103309631348
2157 3.686164617538452
2008 3.8082547187805176
2157 3.6894166469573975
2008 3.809299945831299
2157 3.6852338314056396
2008 3.8074662685394287
2157 3.6867635250091553
2008 3.814251184463501
2157 3.6869022846221924
2008 3.812631368637085
2157 3.6890370845794678
2008 3.8117010593414307
2157 3.6858348846435547
2008 3.8107166290283203
2157 3.687549352645874
2008 3.8124399185180664
2157 3.6918108463287354
2008 3.818014621734619
2157 3.685216188430786
2008 3.810621738433838
2157 3.6923797130584717
2008 3.822812557220459
2157 3.6886634826660156
2008 3.811720848083496
2157 3.695262908935547
2008 3.816636323928833
2157 3.69374418258667
2008 3.8201193809509277
2157 3.691537857055664
2008 3.8162307739257812
2157 3.715667963027954
2008 3.8170883655548096
2157 3.6938908100128174
2008 3.81653094291687
2157 3.6960644721984863
2008 3.8116652965545654
2157 3.684769868850708
2008 3.8054957389831543
2157 3.6880760192871094
2008 3.8141283988952637
2157 3.6900482177734375
2008 3.813356876373291
2157 3.6830711364746094
2008 3.8109240531921387
2157 3.6918108463287354
2008 3.811178207397461
2157 3.68587064743042
2008 3.811277151107788
2157 3.7187018394470215
2008 3.8148717880249023
2157 3.689875364303589
2008 3.8148305416107178
2157 3.685821056365967
2008 3.8127617835998535
2157 3.6943018436431885
2008 3.816789388656616
2157 3.690610885620117
2008 3.8121554851531982
2157 3.687425136566162
2008 3.8089544773101807
2157 3.6795170307159424
2008 3.8043360710144043
2157 3.6937291622161865
2008 3.8149924278259277
2157 3.6959283351898193
2008 3.8158888816833496
2157 3.6917011737823486
2008 3.820763349533081
2157 3.688464403152466
2008 3.818631172180176
2157 3.6921799182891846
2008 3.819448471069336
2157 3.685286045074463
2008 3.8090202808380127
2157 3.6865506172180176
2008 3.8129639625549316
2157 3.6905906200408936
2008 3.815178632736206
2157 3.6863300800323486
2008 3.809735059738159
2157 3.6909019947052
2008 3.8121249675750732
2157 3.695298671722412
2008 3.813537120819092
2157 3.6873364448547363
2008 3.839531898498535
2157 3.673750162124634
2008 3.7945969104766846
2157 3.67588210105896
2008 3.7932472229003906
2157 3.678730010986328
2008 3.788254976272583
2157 3.672262668609619
2008 3.78790020942688
2157 3.67757511138916
2008 3.7999560832977295
2157 3.6816818714141846
2008 3.795579195022583
2157 3.6735901832580566
2008 3.7964365482330322
2157 3.674503803253174
2008 3.8039984703063965
2157 3.6792542934417725
2008 3.8266589641571045
2157 3.6781656742095947
2008 3.80429744720459
2157 3.6777915954589844
2008 3.797290086746216
2157 3.684471368789673
2008 3.8026368618011475
2157 3.678802251815796
2008 3.7980806827545166
2157 3.6781256198883057
2008 3.7976245880126953
2157 3.6790249347686768
2008 3.795480251312256
2157 3.6788227558135986
2008 3.804865598678589
2157 3.6826748847961426
2008 3.8059277534484863
2157 3.673884153366089
2008 3.8019025325775146
2157 3.6775290966033936
2008 3.8021087646484375
2157 3.67933988571167
2008 3.8144426345825195
2157 3.683140754699707
2008 3.8051836490631104
2157 3.6826119422912598
2008 3.803386688232422
2157 3.682403087615967
2008 3.808086633682251
2157 3.681560754776001
2008 3.80356502532959
2157 3.675729990005493
2008 3.8060152530670166
2157 3.678220748901367
2008 3.810011386871338
2157 3.679931640625
2008 3.799882411956787
2157 3.6931893825531006
2008 3.797980308532715
2157 3.677255392074585
2008 3.799795627593994
2157 3.6764004230499268
2008 3.802135944366455
2157 3.6773276329040527
2008 3.7974488735198975
2157 3.680875301361084
2008 3.806668996810913
2157 3.679642915725708
2008 3.800809144973755
2157 3.677928924560547
2008 3.802543878555298
2157 3.6825637817382812
2008 3.8055973052978516
2157 3.6806375980377197
2008 3.798445701599121
2157 3.691615581512451
2008 3.793372631072998
2157 3.6795620918273926
2008 3.805950403213501
2157 3.683663845062256
2008 3.8089847564697266
2157 3.687253475189209
2008 3.8033576011657715
2157 3.6786141395568848
2008 3.8065378665924072
2157 3.6872634887695312
2008 3.801605224609375
2157 3.683120012283325
2008 3.813931465148926
2157 3.6999893188476562
2008 3.80383038520813
2157 3.675546884536743
2008 3.7990658283233643
2157 3.6859958171844482
2008 3.806142807006836
2157 3.682708501815796
2008 3.7993242740631104
2157 3.683467149734497
2008 3.8021347522735596
2157 3.673375129699707
2008 3.7979488372802734
2157 3.6738452911376953
2008 3.799990177154541
2157 3.677504062652588
2008 3.798003911972046
2157 3.6717653274536133
2008 3.7868173122406006
2157 3.6673834323883057
2008 3.7970781326293945
2157 3.6785411834716797
2008 3.8020453453063965
2157 3.669783353805542
2008 3.8206498622894287
2157 3.6698238849639893
2008 3.791879892349243
2157 3.678889513015747
2008 3.8034415245056152
2157 3.6750566959381104
2008 3.799367904663086
2157 3.677166700363159
2008 3.8049871921539307
2157 3.685072660446167
2008 3.8041422367095947
2157 3.6782617568969727
2008 3.8002047538757324
2157 3.6748178005218506
2008 3.8025381565093994
2157 3.6766977310180664
2008 3.8006279468536377
2157 3.675258159637451
2008 3.819065570831299
2157 3.6737022399902344
2008 3.7990994453430176
2157 3.681445360183716
2008 3.807417392730713
2157 3.6812663078308105
2008 3.7915642261505127
2157 3.680598497390747
2008 3.8015847206115723
2157 3.672780752182007
2008 3.8022024631500244
2157 3.674947500228882
2008 3.8013837337493896
2157 3.67625093460083
2008 3.7995684146881104
2157 3.674905776977539
2008 3.8038127422332764
2157 3.676590919494629
2008 3.799294948577881
2157 3.6766626834869385
2008 3.793754816055298
2157 3.6788010597229004
2008 3.799201011657715
2157 3.682152509689331
2008 3.8030946254730225
2157 3.6711838245391846
2008 3.7986605167388916
2157 3.6766984462738037
2008 3.798128604888916
2157 3.6781911849975586
2008 3.8040754795074463
2157 3.669048309326172
2008 3.7963271141052246
2157 3.673309326171875
2008 3.8023757934570312
2157 3.676039218902588
2008 3.8050386905670166
2157 3.708879232406616
2008 3.8034298419952393
2157 3.678571939468384
2008 3.7997798919677734
2157 3.679133415222168
2008 3.8041274547576904
2157 3.6695823669433594
2008 3.795266628265381
2157 3.6739861965179443
2008 3.8015477657318115
2157 3.6864511966705322
2008 3.8097147941589355
2157 3.676345109939575
2008 3.7989630699157715
2157 3.6822657585144043
2008 3.8027663230895996
2157 3.677309274673462
2008 3.7995593547821045
2157 3.6883208751678467
2008 3.8175594806671143
2157 3.6937010288238525
2008 3.8026931285858154
2157 3.675318717956543
2008 3.810472011566162
2157 3.685765266418457
2008 3.815751791000366
2157 3.6832292079925537
2008 3.8167078495025635
2157 3.694754123687744
2008 3.7948782444000244
2157 3.6805498600006104
2008 3.8183422088623047
2157 3.6907012462615967
2008 3.7991011142730713
2157 3.67801570892334
2008 3.8125736713409424
2157 3.682586908340454
2008 3.799616575241089
2157 3.6699421405792236
2008 3.802659034729004
2157 3.6881141662597656
2008 3.8129923343658447
2157 3.682807207107544
2008 3.804701328277588
2157 3.685227155685425
2008 3.808641195297241
2157 3.692905902862549
2008 3.804318904876709
2157 3.688182830810547
2008 3.797292947769165
2157 3.6803414821624756
2008 3.814758062362671
2157 3.6872947216033936
2008 3.795397996902466
2157 3.6797966957092285
2008 3.834882974624634
2157 3.6878581047058105
2008 3.7992236614227295
2157 3.692974805831909
2008 3.815138816833496
2157 3.6930811405181885
2008 3.8146300315856934
2157 3.6873624324798584
2008 3.8100225925445557
2157 3.6931748390197754
2008 3.8152318000793457
2157 3.6826303005218506
2008 3.802522659301758
2157 3.6945035457611084
2008 3.818399429321289
2157 3.6901967525482178
2008 3.815485715866089
2157 3.6930012702941895
2008 3.8163819313049316
2157 3.692213296890259
2008 3.8126332759857178
2157 3.691972255706787
2008 3.8146963119506836
2157 3.688649892807007
2008 3.8125030994415283
2157 3.683436155319214
2008 3.809030771255493
2157 3.689343214035034
2008 3.8103742599487305
2157 3.696519613265991
2008 3.818983554840088
2157 3.690802812576294
2008 3.812620162963867
2157 3.687063217163086
2008 3.809441328048706
2157 3.687371015548706
2008 3.8140783309936523
2157 3.685575246810913
2008 3.80690336227417
2157 3.694913387298584
2008 3.815044641494751
2157 3.687462091445923
2008 3.8137876987457275
2157 3.691511392593384
2008 3.8147411346435547
2157 3.6892471313476562
2008 3.8143978118896484
2157 3.687896728515625
2008 3.807551622390747
2157 3.6868679523468018
2008 3.8109943866729736
2157 3.6942977905273438
2008 3.8214259147644043
2157 3.7050652503967285
2008 3.8242759704589844
2157 3.7198336124420166
2008 3.8275258541107178
2157 3.6935553550720215
2008 3.8216443061828613
2157 3.6998038291931152
2008 3.8284339904785156
2157 3.696754217147827
2008 3.820716381072998
2157 3.6884000301361084
2008 3.817882537841797
2157 3.690077066421509
2008 3.8146426677703857
2157 3.689995765686035
2008 3.8259716033935547
2157 3.6907565593719482
2008 3.814932107925415
2157 3.689765453338623
2008 3.811302661895752
2157 3.7033517360687256
2008 3.8086700439453125
2157 3.687452793121338
2008 3.8105859756469727
2157 3.679104804992676
2008 3.8129334449768066
2157 3.6843714714050293
2008 3.8040103912353516
2157 3.6779377460479736
2008 3.804513692855835
2157 3.6841585636138916
2008 3.806469678878784
2157 3.678495407104492
2008 3.803896903991699
2157 3.6811327934265137
2008 3.804474353790283
2157 3.6913371086120605
2008 3.8094301223754883
2157 3.685271739959717
2008 3.815974235534668
2157 3.689311981201172
2008 3.816016435623169
2157 3.6854360103607178
2008 3.8108718395233154
2157 3.691340684890747
2008 3.8111090660095215
2157 3.6913869380950928
2008 3.8187615871429443
2157 3.6980082988739014
2008 3.8167364597320557
2157 3.6933541297912598
2008 3.811640977859497
2157 3.68294620513916
2008 3.8084053993225098
2157 3.6880879402160645
2008 3.810532331466675
2157 3.675461530685425
2008 3.8191215991973877
2157 3.679593801498413
2008 3.8008880615234375
2157 3.684460401535034
2008 3.817638635635376
2157 3.689373016357422
2008 3.8158793449401855
2157 3.6916329860687256
2008 3.814974546432495
2157 3.699592113494873
2008 3.8213107585906982
2157 3.6910605430603027
2008 3.810068130493164
2157 3.684993028640747
2008 3.811152696609497
2157 3.688826084136963
2008 3.8116066455841064
2157 3.6930019855499268
2008 3.828888177871704
2157 3.6888949871063232
2008 3.815415143966675
2157 3.6859183311462402
2008 3.8100883960723877
2157 3.690471649169922
2008 3.8123414516448975
2157 3.684077024459839
2008 3.8062942028045654
2157 3.69231915473938
2008 3.816279411315918
2157 3.683720588684082
2008 3.8103034496307373
2157 3.689371109008789
2008 3.8155789375305176
2157 3.6892032623291016
2008 3.8121063709259033
2157 3.679706335067749
2008 3.8061811923980713
2157 3.6861026287078857
2008 3.8089449405670166
2157 3.687779188156128
2008 3.8173203468322754
2157 3.694895029067993
2008 3.8168118000030518
2157 3.689038038253784
2008 3.816826343536377
2157 3.6921253204345703
2008 3.8141486644744873
2157 3.6963822841644287
2008 3.8208913803100586
2157 3.681842803955078
2008 3.8117682933807373
2157 3.686784267425537
2008 3.8119568824768066
2157 3.685237169265747
2008 3.8101511001586914
2157 3.7160351276397705
2008 3.8116343021392822
2157 3.6863839626312256
2008 3.805990695953369
2157 3.677819013595581
2008 3.808131217956543
2157 3.6806836128234863
2008 3.8008296489715576
2157 3.686920642852783
2008 3.8108105659484863
2157 3.6882290840148926
2008 3.8136537075042725
2157 3.6811957359313965
2008 3.802793502807617
2157 3.6886446475982666
2008 3.8059804439544678
2157 3.687124252319336
2008 3.8130102157592773
2157 3.6995394229888916
2008 3.7996878623962402
2157 3.679541826248169
2008 3.8043408393859863
2157 3.6850571632385254
2008 3.815788745880127
2157 3.6882288455963135
2008 3.808013439178467
2157 3.6907029151916504
2008 3.8148727416992188
2157 3.6841983795166016
2008 3.8083431720733643
2157 3.6918139457702637
2008 3.8164234161376953
2157 3.6871259212493896
2008 3.8080649375915527
2157 3.692790985107422
2008 3.815767526626587
2157 3.6983866691589355
2008 3.824561834335327
2157 3.6876606941223145
2008 3.804792642593384
2157 3.6862521171569824
2008 3.809662103652954
2157 3.686465263366699
2008 3.8031272888183594
2157 3.6863527297973633
2008 3.8079168796539307
2157 3.6854028701782227
2008 3.8137238025665283
2157 3.6846652030944824
2008 3.8059511184692383
2157 3.691246509552002
2008 3.815608024597168
2157 3.696794033050537
2008 3.815331220626831
2157 3.6871590614318848
2008 3.836028814315796
2157 3.6792285442352295
2008 3.806993007659912
2157 3.690972328186035
2008 3.809053421020508
2157 3.697460651397705
2008 3.8152127265930176
2157 3.685544013977051
2008 3.804887294769287
2157 3.754646062850952
2008 3.8099966049194336
2157 3.6872098445892334
2008 3.815943717956543
2157 3.686021327972412
2008 3.8117480278015137
2157 3.6932759284973145
2008 3.819422483444214
2157 3.6861276626586914
2008 3.8233442306518555
2157 3.6909565925598145
2008 3.812602996826172
2157 3.6874001026153564
2008 3.8099796772003174
2157 3.682795524597168
2008 3.80460786819458
2157 3.6817433834075928
2008 3.804844617843628
2157 3.68471622467041
2008 3.8131771087646484
2157 3.69010066986084
2008 3.8119282722473145
2157 3.692193031311035
2008 3.8207390308380127
2157 3.6938483715057373
2008 3.8156580924987793
2157 3.686375856399536
2008 3.810715675354004
2157 3.6946146488189697
2008 3.82279109954834
2157 3.6883203983306885
2008 3.8143789768218994
2157 3.690324544906616
2008 3.8131258487701416
2157 3.6922414302825928
2008 3.8211634159088135
2157 3.69315505027771
2008 3.8136396408081055
2157 3.684187889099121
2008 3.8113932609558105
2157 3.686075448989868
2008 3.81120228767395
2157 3.6886556148529053
2008 3.8089988231658936
2157 3.6843695640563965
2008 3.809330940246582
2157 3.685931444168091
2008 3.803713321685791
2157 3.6818525791168213
2008 3.8065905570983887
2157 3.6914968490600586
2008 3.8118274211883545
2157 3.6798412799835205
2008 3.801013469696045
2157 3.6815810203552246
2008 3.8082847595214844
2157 3.688754081726074
2008 3.808643341064453
2157 3.6825873851776123
2008 3.8046023845672607
2157 3.688990354537964
2008 3.811717987060547
2157 3.682736396789551
2008 3.807194471359253
2157 3.7028703689575195
2008 3.8140132427215576
2157 3.688722610473633
2008 3.8077919483184814
2157 3.693175792694092
2008 3.81433367729187
2157 3.6962013244628906
2008 3.8160152435302734
2157 3.68446683883667
2008 3.8094706535339355
2157 3.6901614665985107
2008 3.812680959701538
2157 3.6855709552764893
2008 3.8100297451019287
2157 3.692201614379883
2008 3.8116018772125244
2157 3.6876184940338135
2008 3.810446262359619
2157 3.686464548110962
2008 3.813175916671753
2157 3.6912455558776855
2008 3.8108882904052734
2157 3.684675693511963
2008 3.8072731494903564
2157 3.683722734451294
2008 3.8111743927001953
2157 3.678799867630005
2008 3.8120498657226562
2157 3.694056749343872
2008 3.8081021308898926
2157 3.6910457611083984
2008 3.813568115234375
2157 3.6898441314697266
2008 3.813981771469116
2157 3.689774751663208
2008 3.8096773624420166
2157 3.6847636699676514
2008 3.8229446411132812
2157 3.6800355911254883
2008 3.8034472465515137
2157 3.6891722679138184
2008 3.811652660369873
2157 3.686882495880127
2008 3.801161527633667
2157 3.682854413986206
2008 3.8053505420684814
2157 3.6920950412750244
2008 3.813791513442993
2157 3.687218427658081
2008 3.8068249225616455
2157 3.684217691421509
2008 3.814704418182373
2157 3.6913931369781494
2008 3.816707134246826
2157 3.694718599319458
2008 3.831008195877075
2157 3.6912734508514404
2008 3.8185198307037354
2157 3.6870763301849365
2008 3.8095579147338867
2157 3.69950008392334
2008 3.810248851776123
2157 3.6974189281463623
2008 3.8232245445251465
2157 3.6927525997161865
2008 3.8154797554016113
2157 3.6921207904815674
2008 3.816157817840576
2157 3.6910269260406494
2008 3.815664529800415
2157 3.6953539848327637
2008 3.8158247470855713
2157 3.685638189315796
2008 3.8078453540802
2157 3.694047212600708
2008 3.8122398853302
2157 3.690355062484741
2008 3.8125619888305664
2157 3.6861989498138428
2008 3.808042049407959
2157 3.685406446456909
2008 3.807389497756958
2157 3.6826908588409424
2008 3.8206658363342285
2157 3.6906678676605225
2008 3.8136754035949707
2157 3.6879353523254395
2008 3.8102667331695557
2157 3.6927080154418945
2008 3.8184866905212402
2157 3.6923437118530273
2008 3.8110976219177246
2157 3.690922498703003
2008 3.8098249435424805
2157 3.6850056648254395
2008 3.813509225845337
2157 3.680929660797119
2008 3.8104591369628906
2157 3.6855618953704834
2008 3.806118965148926
2157 3.6819961071014404
2008 3.8051676750183105
2157 3.688666343688965
2008 3.8094305992126465
2157 3.6971652507781982
2008 3.8155579566955566
2157 3.6798832416534424
2008 3.8078346252441406
2157 3.6885805130004883
2008 3.8160948753356934
2157 3.7090189456939697
2008 3.814030408859253
2157 3.6931045055389404
2008 3.8152332305908203
2157 3.687018394470215
2008 3.814774513244629
2157 3.68857479095459
2008 3.813077211380005
2157 3.6937754154205322
2008 3.8155224323272705
2157 3.692657709121704
2008 3.811497449874878
2157 3.687852621078491
2008 3.815626859664917
2157 3.6901307106018066
2008 3.825105905532837
2157 3.689025640487671
2008 3.806283950805664
2157 3.71134877204895
2008 3.821099042892456
2157 3.690962553024292
2008 3.8138701915740967
2157 3.6862409114837646
2008 3.8057427406311035
2157 3.6887545585632324
2008 3.818037271499634
2157 3.6920201778411865
2008 3.811464309692383
2157 3.699355125427246
2008 3.819416046142578
2157 3.683936834335327
2008 3.8033812046051025
2157 3.6877810955047607
2008 3.8100931644439697
2157 3.6946423053741455
2008 3.819897174835205
2157 3.6802241802215576
2008 3.808903455734253
2157 3.6872384548187256
2008 3.8087167739868164
2157 3.7025606632232666
2008 3.824200391769409
2157 3.6930136680603027
2008 3.812460422515869
2157 3.690971851348877
2008 3.816500663757324
2157 3.694584608078003
2008 3.8121259212493896
2157 3.685837745666504
2008 3.8125112056732178
2157 3.6924898624420166
2008 3.8229777812957764
2157 3.693136215209961
2008 3.815856695175171
2157 3.6911072731018066
2008 3.837061882019043
2157 3.6924469470977783
2008 3.8150722980499268
2157 3.6924192905426025
2008 3.8201780319213867
2157 3.6978511810302734
2008 3.820183277130127
2157 3.692430257797241
2008 3.8127081394195557
2157 3.688885450363159
2008 3.8100857734680176
2157 3.687080144882202
2008 3.810891628265381
2157 3.6828837394714355
2008 3.8041138648986816
2157 3.6816658973693848
2008 3.806379795074463
2157 3.6797170639038086
2008 3.823443651199341
2157 3.6833314895629883
2008 3.8040690422058105
2157 3.684000015258789
2008 3.805399179458618
2157 3.687263011932373
2008 3.8076179027557373
2157 3.685429096221924
2008 3.8091821670532227
2157 3.6905858516693115
2008 3.814765453338623
2157 3.6865155696868896
2008 3.806865692138672
2157 3.6842334270477295
2008 3.808983087539673
2157 3.6935558319091797
2008 3.81382417678833
2157 3.6919708251953125
2008 3.812772750854492
2157 3.689648389816284
2008 3.810293674468994
2157 3.688910961151123
2008 3.8127777576446533
2157 3.6923470497131348
2008 3.817598819732666
2157 3.6894257068634033
2008 3.8108835220336914
2157 3.6965787410736084
2008 3.820007562637329
2157 3.6843514442443848
2008 3.803795099258423
2157 3.688480854034424
2008 3.8142309188842773
2157 3.6923723220825195
2008 3.8139259815216064
2157 3.6930553913116455
2008 3.8083362579345703
2157 3.6906073093414307
2008 3.818167209625244
2157 3.680854082107544
2008 3.8021976947784424
2157 3.6867690086364746
2008 3.815206289291382
2157 3.689582109451294
2008 3.8128867149353027
2157 3.687344789505005
2008 3.812514305114746
2157 3.6926331520080566
2008 3.8168060779571533
2157 3.6926052570343018
2008 3.81857967376709
2157 3.6901462078094482
2008 3.8082752227783203
2157 3.6945624351501465
2008 3.8161497116088867
2157 3.716886281967163
2008 3.806608200073242
2157 3.684292793273926
2008 3.808309555053711
2157 3.686913013458252
2008 3.8157997131347656
2157 3.6820921897888184
2008 3.8028273582458496
2157 3.6869161128997803
2008 3.805603265762329
2157 3.6936519145965576
2008 3.8173937797546387
2157 3.6958460807800293
2008 3.8209846019744873
2157 3.7017383575439453
2008 3.8236076831817627
2157 3.686208963394165
2008 3.8071093559265137
2157 3.7062532901763916
2008 3.8128952980041504
2157 3.693267345428467
2008 3.820297956466675
2157 3.695007085800171
2008 3.8194847106933594
2157 3.6965112686157227
2008 3.814262866973877
2157 3.692436456680298
2008 3.816901206970215
2157 3.688699960708618
2008 3.8109467029571533
2157 3.690368890762329
2008 3.812486171722412
2157 3.684297561645508
2008 3.8057737350463867
2157 3.6862668991088867
2008 3.8108835220336914
2157 3.6854283809661865
2008 3.809574604034424
2157 3.6844427585601807
2008 3.806156873703003
2157 3.681833028793335
2008 3.8049864768981934
2157 3.685976266860962
2008 3.805068254470825
2157 3.6804285049438477
2008 3.8030006885528564
2157 3.6857411861419678
2008 3.8046231269836426
2157 3.688570022583008
2008 3.8103268146514893
2157 3.6847476959228516
2008 3.8128154277801514
2157 3.6866910457611084
2008 3.8097946643829346
2157 3.684786558151245
2008 3.830622911453247
2157 3.690807580947876
2008 3.8068950176239014
2157 3.6859993934631348
2008 3.8097872734069824
2157 3.6943540573120117
2008 3.8156707286834717
2157 3.6963698863983154
2008 3.814579725265503
2157 3.6912636756896973
2008 3.8150815963745117
2157 3.692333221435547
2008 3.811410903930664
2157 3.691115379333496
2008 3.815772771835327
2157 3.6888513565063477
2008 3.8104777336120605
2157 3.6902265548706055
2008 3.827305316925049
2157 3.6967270374298096
2008 3.8199386596679688
2157 3.6936452388763428
2008 3.815812826156616
2157 3.6879000663757324
2008 3.811304807662964
2157 3.6890296936035156
2008 3.808656692504883
2157 3.688326597213745
2008 3.816924810409546
2157 3.696359157562256
2008 3.818486452102661
2157 3.6931264400482178
2008 3.8167803287506104
2157 3.688810110092163
2008 3.810499668121338
2157 3.6880593299865723
2008 3.8123903274536133
2157 3.7037816047668457
2008 3.821103096008301
2157 3.6825225353240967
2008 3.809652090072632
2157 3.694411039352417
2008 3.8263156414031982
2157 3.6907315254211426
2008 3.8112902641296387
2157 3.690126895904541
2008 3.8133251667022705
2157 3.691956043243408
2008 3.819565773010254
2157 3.6856396198272705
2008 3.8088083267211914
2157 3.6967568397521973
2008 3.811169385910034
2157 3.688981533050537
2008 3.816404342651367
2157 3.724175214767456
2008 3.821873188018799
2157 3.6918020248413086
2008 3.8202242851257324
2157 3.687385320663452
2008 3.8122363090515137
2157 3.687422752380371
2008 3.8124938011169434
2157 3.695594310760498
2008 3.8153223991394043
2157 3.6886627674102783
2008 3.81554913520813
2157 3.693297863006592
2008 3.8173279762268066
2157 3.696709632873535
2008 3.8139235973358154
2157 3.6969211101531982
2008 3.818732500076294
2157 3.7114932537078857
2008 3.8111507892608643
2157 3.682265043258667
2008 3.8041188716888428
2157 3.6893727779388428
2008 3.8161232471466064
2157 3.6844522953033447
2008 3.8083889484405518
2157 3.676201343536377
2008 3.8002002239227295
2157 3.680941581726074
2008 3.797584295272827
2157 3.670212745666504
2008 3.7976534366607666
2157 3.6727538108825684
2008 3.796175003051758
2157 3.6784276962280273
2008 3.79439640045166
2157 3.67460298538208
2008 3.8008780479431152
2157 3.675431251525879
2008 3.7941203117370605
2157 3.6774415969848633
2008 3.7977375984191895
2157 3.672720432281494
2008 3.8002326488494873
2157 3.6912803649902344
2008 3.809011936187744
2157 3.685267925262451
2008 3.808901071548462
2157 3.6972622871398926
2008 3.8205692768096924
2157 3.6945292949676514
2008 3.8159780502319336
2157 3.690981864929199
2008 3.8119184970855713
2157 3.692582845687866
2008 3.8400559425354004
2157 3.683291435241699
2008 3.805509328842163
2157 3.692836046218872
2008 3.812171459197998
2157 3.688976764678955
2008 3.808060884475708
2157 3.687304735183716
2008 3.808065414428711
2157 3.698695421218872
2008 3.815377950668335
2157 3.691070079803467
2008 3.8142237663269043
2157 3.6911983489990234
2008 3.8199877738952637
2157 3.6867871284484863
2008 3.806518793106079
2157 3.691593647003174
2008 3.834660768508911
2157 3.6835811138153076
2008 3.8044357299804688
2157 3.6915409564971924
2008 3.8141791820526123
2157 3.6903345584869385
2008 3.8116917610168457
2157 3.6867260932922363
2008 3.813004493713379
2157 3.6830039024353027
2008 3.808602809906006
2157 3.6906425952911377
2008 3.8167707920074463
2157 3.6867456436157227
2008 3.800494909286499
2157 3.68802547454834
2008 3.8113560676574707
2157 3.6939568519592285
2008 3.8136696815490723
2157 3.6907079219818115
2008 3.8094797134399414
2157 3.68463134765625
2008 3.8058884143829346
2157 3.6857779026031494
2008 3.8126468658447266
2157 3.690361499786377
2008 3.8098881244659424
2157 3.681722402572632
2008 3.8077566623687744
2157 3.6906840801239014
2008 3.815110445022583
2157 3.6924593448638916
2008 3.816965341567993
2157 3.6951162815093994
2008 3.815479040145874
2157 3.6952905654907227
2008 3.8228650093078613
2157 3.7074687480926514
2008 3.821671962738037
2157 3.696157932281494
2008 3.8203933238983154
2157 3.693878412246704
2008 3.821904420852661
2157 3.6949923038482666
2008 3.814507007598877
2157 3.689358711242676
2008 3.8186328411102295
2157 3.6955924034118652
2008 3.8142402172088623
2157 3.6838338375091553
2008 3.8101770877838135
2157 3.6830379962921143
2008 3.803709030151367
2157 3.680126905441284
2008 3.8023018836975098
2157 3.7034244537353516
2008 3.8146774768829346
2157 3.6810109615325928
2008 3.804704427719116
2157 3.6796672344207764
2008 3.8057045936584473
2157 3.6800835132598877
2008 3.801628589630127
2157 3.6822848320007324
2008 3.8082385063171387
2157 3.6976912021636963
2008 3.818199872970581
2157 3.684025287628174
2008 3.8045711517333984
2157 3.6863741874694824
2008 3.8066375255584717
2157 3.6831417083740234
2008 3.804475784301758
2157 3.6910271644592285
2008 3.8140530586242676
2157 3.6978559494018555
2008 3.817781448364258
2157 3.6898000240325928
2008 3.8200161457061768
2157 3.6881301403045654
2008 3.8092849254608154
2157 3.6855478286743164
2008 3.801658868789673
2157 3.6945559978485107
2008 3.8140904903411865
2157 3.6841492652893066
2008 3.8107423782348633
2157 3.687870502471924
2008 3.8123817443847656
2157 3.693289279937744
2008 3.817227363586426
2157 3.688560962677002
2008 3.820913314819336
2157 3.693403720855713
2008 3.8191421031951904
2157 3.6893510818481445
2008 3.8111367225646973
2157 3.695467710494995
2008 3.8196003437042236
2157 3.700448751449585
2008 3.8188538551330566
2157 3.6960501670837402
2008 3.809443712234497
2157 3.6950578689575195
2008 3.8168509006500244
2157 3.6980063915252686
2008 3.8208227157592773
2157 3.6847634315490723
2008 3.806389808654785
2157 3.691222906112671
2008 3.8353793621063232
2157 3.6915483474731445
2008 3.8031599521636963
2157 3.688502073287964
2008 3.8142547607421875
2157 3.6952342987060547
2008 3.8159360885620117
2157 3.6886651515960693
2008 3.811774730682373
2157 3.6928813457489014
2008 3.8132777214050293
2157 3.686981201171875
2008 3.816516637802124
2157 3.6913881301879883
2008 3.8175363540649414
2157 3.696218252182007
2008 3.819390296936035
2157 3.676490068435669
2008 3.815242052078247
2157 3.6805522441864014
2008 3.7997143268585205
2157 3.6920340061187744
2008 3.812770128250122
2157 3.6921885013580322
2008 3.814086675643921
2157 3.694040298461914
2008 3.814393997192383
2157 3.691331624984741
2008 3.822023630142212
2157 3.6877660751342773
2008 3.810482978820801
2157 3.6911838054656982
2008 3.815778970718384
2157 3.684910535812378
2008 3.812077522277832
2157 3.6856606006622314
2008 3.8066580295562744
2157 3.6880125999450684
2008 3.806302785873413
2157 3.679262399673462
2008 3.802412986755371
2157 3.680534601211548
2008 3.804668426513672
2157 3.6807262897491455
2008 3.8067920207977295
2157 3.6865432262420654
2008 3.812908411026001
2157 3.6923325061798096
2008 3.8123550415039062
2157 3.6854522228240967
2008 3.8108599185943604
2157 3.6889970302581787
2008 3.8096094131469727
2157 3.6891069412231445
2008 3.811422824859619
2157 3.709995746612549
2008 3.8172972202301025
2157 3.688331365585327
2008 3.8110384941101074
2157 3.687769651412964
2008 3.8088715076446533
2157 3.6911497116088867
2008 3.8155088424682617
2157 3.6946542263031006
2008 3.8210983276367188
2157 3.688995599746704
2008 3.8067727088928223
2157 3.6743178367614746
2008 3.8022618293762207
2157 3.6778340339660645
2008 3.8007750511169434
2157 3.681169271469116
2008 3.8014540672302246
2157 3.6955626010894775
2008 3.8045530319213867
2157 3.679741859436035
2008 3.803332805633545
2157 3.6807126998901367
2008 3.8014943599700928
2157 3.6748337745666504
2008 3.7985424995422363
2157 3.6722259521484375
2008 3.792238235473633
2157 3.67724347114563
2008 3.799798011779785
2157 3.6793344020843506
2008 3.8074605464935303
2157 3.6815989017486572
2008 3.8084871768951416
2157 3.6878366470336914
2008 3.811626672744751
2157 3.685765266418457
2008 3.805525064468384
2157 3.6833982467651367
2008 3.8033852577209473
2157 3.6763739585876465
2008 3.7976462841033936
2157 3.691851854324341
2008 3.803955078125
2157 3.68013334274292
2008 3.801741123199463
2157 3.6823248863220215
2008 3.8031210899353027
2157 3.6826322078704834
2008 3.804960250854492
2157 3.6732828617095947
2008 3.7997498512268066
2157 3.674720287322998
2008 3.800595760345459
2157 3.6704800128936768
2008 3.8209054470062256
2157 3.689603328704834
2008 3.807130813598633
2157 3.683629274368286
2008 3.8076236248016357
2157 3.685152769088745
2008 3.809319257736206
2157 3.6910130977630615
2008 3.8112547397613525
2157 3.6845703125
2008 3.8148908615112305
2157 3.6978061199188232
2008 3.8174006938934326
2157 3.6932871341705322
2008 3.8171138763427734
2157 3.6893157958984375
2008 3.809166193008423
2157 3.6876046657562256
2008 3.8287601470947266
2157 3.692876100540161
2008 3.8112103939056396
2157 3.693222761154175
2008 3.8228371143341064
2157 3.692477226257324
2008 3.815746784210205
2157 3.685283660888672
2008 3.8133151531219482
2157 3.6841113567352295
2008 3.8149280548095703
2157 3.6794612407684326
2008 3.8005807399749756
2157 3.6779980659484863
2008 3.8047354221343994
2157 3.6839492321014404
2008 3.806683301925659
2157 3.6790859699249268
2008 3.8057525157928467
2157 3.6831021308898926
2008 3.8050808906555176
2157 3.684964656829834
2008 3.8089072704315186
2157 3.691190004348755
2008 3.8186559677124023
2157 3.688528537750244
2008 3.8113272190093994
2157 3.6885790824890137
2008 3.816056966781616
2157 3.6921772956848145
2008 3.8072245121002197
2157 3.694049835205078
2008 3.813523054122925
2157 3.693913459777832
2008 3.8113861083984375
2157 3.697615385055542
2008 3.814788579940796
2157 3.705214262008667
2008 3.8146538734436035
2157 3.6900827884674072
2008 3.8095951080322266
2157 3.69096302986145
2008 3.8141024112701416
2157 3.68974232673645
2008 3.8162076473236084
2157 3.6952922344207764
2008 3.8164479732513428
2157 3.6837117671966553
2008 3.8091421127319336
2157 3.6940009593963623
2008 3.8138506412506104
2157 3.6922190189361572
2008 3.8110506534576416
2157 3.6779773235321045
2008 3.7937278747558594
2157 3.694194793701172
2008 3.811330795288086
2157 3.683525800704956
2008 3.806943893432617
2157 3.6807901859283447
2008 3.806589126586914
2157 3.679791212081909
2008 3.8022122383117676
2157 3.679609537124634
2008 3.811497211456299
2157 3.695996046066284
2008 3.8140127658843994
2157 3.700627326965332
2008 3.822100877761841
2157 3.6861557960510254
2008 3.818899393081665
2157 3.697303295135498
2008 3.8179357051849365
2157 3.6986758708953857
2008 3.8189985752105713
2157 3.681870937347412
2008 3.8145751953125
2157 3.687429666519165
2008 3.8117430210113525
2157 3.6941585540771484
2008 3.8206822872161865
2157 3.701693296432495
2008 3.820984125137329
2157 3.6981184482574463
2008 3.821563959121704
2157 3.6954610347747803
2008 3.820298194885254
2157 3.693233013153076
2008 3.8172178268432617
2157 3.697556734085083
2008 3.821718215942383
2157 3.694927930831909
2008 3.8492484092712402
2157 3.6963448524475098
2008 3.818943738937378
2157 3.6966168880462646
2008 3.824904203414917
2157 3.6848177909851074
2008 3.810396671295166
2157 3.6899468898773193
2008 3.81327486038208
2157 3.6882247924804688
2008 3.8249266147613525
2157 3.687281370162964
2008 3.808966636657715
2157 3.6791818141937256
2008 3.8128631114959717
2157 3.688471794128418
2008 3.808042049407959
2157 3.680083751678467
2008 3.824589252471924
2157 3.6886725425720215
2008 3.812084436416626
2157 3.68237566947937
2008 3.806349277496338
2157 3.68387770652771
2008 3.8109798431396484
2157 3.6861209869384766
2008 3.8071000576019287
2157 3.6880578994750977
2008 3.819514513015747
2157 3.688321590423584
2008 3.8144357204437256
2157 3.6855580806732178
2008 3.8097472190856934
2157 3.689643144607544
2008 3.8136160373687744
2157 3.691866636276245
2008 3.808725595474243
2157 3.6923069953918457
2008 3.814391613006592
2157 3.7012557983398438
2008 3.8204400539398193
2157 3.695826292037964
2008 3.814282178878784
2157 3.6935904026031494
2008 3.8121345043182373
2157 3.680868148803711
2008 3.8117308616638184
2157 3.6852433681488037
2008 3.806157350540161
2157 3.685206651687622
2008 3.81213641166687
2157 3.6966476440429688
2008 3.8122119903564453
2157 3.684011936187744
2008 3.8135063648223877
2157 3.69936466217041
2008 3.8121085166931152
2157 3.684972047805786
2008 3.814692735671997
2157 3.6916518211364746
2008 3.819392204284668
2157 3.6937177181243896
2008 3.816115140914917
2157 3.697218418121338
2008 3.8256545066833496
2157 3.6973559856414795
2008 3.8180220127105713
2157 3.690958261489868
2008 3.8103830814361572
2157 3.690298557281494
2008 3.815901517868042
2157 3.6907105445861816
2008 3.8117544651031494
2157 3.7179207801818848
2008 3.821795701980591
2157 3.686650276184082
2008 3.817079544067383
2157 3.6913905143737793
2008 3.8145718574523926
2157 3.6921215057373047
2008 3.8141791820526123
2157 3.686734437942505
2008 3.8129327297210693
2157 3.6885788440704346
2008 3.8117620944976807
2157 3.688567876815796
2008 3.8181774616241455
2157 3.686710834503174
2008 3.8146376609802246
2157 3.6835215091705322
2008 3.81276535987854
2157 3.713275194168091
2008 3.8191635608673096
2157 3.6886842250823975
2008 3.8161509037017822
2157 3.6939401626586914
2008 3.818103313446045
2157 3.6973328590393066
2008 3.816190242767334
2157 3.6917917728424072
2008 3.8145151138305664
2157 3.697385787963867
2008 3.8213837146759033
2157 3.6848440170288086
2008 3.8146309852600098
2157 3.690279483795166
2008 3.819135904312134
2157 3.69108247756958
2008 3.8134942054748535
2157 3.6890432834625244
2008 3.8116095066070557
2157 3.6942451000213623
2008 3.8174214363098145
2157 3.683401107788086
2008 3.8090620040893555
2157 3.6924655437469482
2008 3.8156237602233887
2157 3.688797950744629
2008 3.812394618988037
2157 3.6865131855010986
2008 3.8110673427581787
2157 3.6884207725524902
2008 3.812525987625122
2157 3.6940436363220215
2008 3.81349515914917
2157 3.685930013656616
2008 3.809936285018921
2157 3.6925268173217773
2008 3.836862325668335
2157 3.681969404220581
2008 3.8084678649902344
2157 3.692695379257202
2008 3.81756591796875
2157 3.689817190170288
2008 3.8110384941101074
2157 3.6935510635375977
2008 3.8170976638793945
2157 3.6987223625183105
2008 3.8187198638916016
2157 3.6935808658599854
2008 3.815394163131714
2157 3.698549270629883
2008 3.8196637630462646
2157 3.688138484954834
2008 3.804598808288574
2157 3.6914258003234863
2008 3.833134651184082
2157 3.70003080368042
2008 3.8156678676605225
2157 3.6914565563201904
2008 3.8130226135253906
2157 3.690260648727417
2008 3.818518877029419
2157 3.689335584640503
2008 3.8100953102111816
2157 3.6924822330474854
2008 3.827075958251953
2157 3.6905486583709717
2008 3.81843900680542
2157 3.6898927688598633
2008 3.8120737075805664
2157 3.695734977722168
2008 3.815687417984009
2157 3.694890260696411
2008 3.819382667541504
2157 3.6925947666168213
2008 3.810455560684204
2157 3.69063401222229
2008 3.8122849464416504
2157 3.6899807453155518
2008 3.813316822052002
2157 3.696803092956543
2008 3.8173458576202393
2157 3.691283941268921
2008 3.826230049133301
2157 3.6870901584625244
2008 3.810885429382324
2157 3.6961023807525635
2008 3.821155071258545
2157 3.691856861114502
2008 3.811143636703491
2157 3.686708688735962
2008 3.816136121749878
2157 3.7101452350616455
2008 3.8235111236572266
2157 3.6963884830474854
2008 3.8181116580963135
2157 3.693462371826172
2008 3.8204095363616943
2157 3.694509506225586
2008 3.8179774284362793
2157 3.687983751296997
2008 3.8199312686920166
2157 3.6971120834350586
2008 3.817467212677002
2157 3.693573474884033
2008 3.8169820308685303
2157 3.6972060203552246
2008 3.8200416564941406
2157 3.692147731781006
2008 3.815669298171997
2157 3.714277505874634
2008 3.818999767303467
2157 3.691728115081787
2008 3.814666509628296
2157 3.690519094467163
2008 3.81195330619812
2157 3.696124792098999
2008 3.8100221157073975
2157 3.68864107131958
2008 3.8112857341766357
2157 3.684389591217041
2008 3.807339906692505
2157 3.685603380203247
2008 3.812145709991455
2157 3.6825473308563232
2008 3.8094229698181152
2157 3.6829137802124023
2008 3.806189775466919
2157 3.6889874935150146
2008 3.81170654296875
2157 3.686596155166626
2008 3.805999279022217
2157 3.683492660522461
2008 3.808650255203247
2157 3.692725896835327
2008 3.812526226043701
2157 3.6842992305755615
2008 3.815711259841919
2157 3.7083029747009277
2008 3.8211796283721924
2157 3.6879754066467285
2008 3.815106153488159
2157 3.690768241882324
2008 3.817518472671509
2157 3.6945626735687256
2008 3.81461501121521
2157 3.691488027572632
2008 3.8328402042388916
2157 3.699347496032715
2008 3.8165650367736816
2157 3.692073106765747
2008 3.8138222694396973
2157 3.6971871852874756
2008 3.8197176456451416
2157 3.6973464488983154
2008 3.821073055267334
2157 3.692572593688965
2008 3.8177554607391357
2157 3.6929383277893066
2008 3.8180203437805176
2157 3.692119836807251
2008 3.814920663833618
2157 3.6936371326446533
2008 3.813117504119873
2157 3.6899356842041016
2008 3.8409409523010254
2157 3.694608211517334
2008 3.8173437118530273
2157 3.6905977725982666
2008 3.8180723190307617
2157 3.6929514408111572
2008 3.817044496536255
2157 3.692140579223633
2008 3.8119969367980957
2157 3.68302321434021
2008 3.821622610092163
2157 3.690541982650757
2008 3.812631368637085
2157 3.6974992752075195
2008 3.8229215145111084
2157 3.6892402172088623
2008 3.817708969116211
2157 3.6931769847869873
2008 3.8174338340759277
2157 3.6981847286224365
2008 3.8210039138793945
2157 3.6840832233428955
2008 3.8099758625030518
2157 3.686990261077881
2008 3.8210854530334473
2157 3.692357063293457
2008 3.818819522857666
2157 3.69179368019104
2008 3.8235840797424316
2157 3.694023847579956
2008 3.816922903060913
2157 3.6932427883148193
2008 3.8140995502471924
2157 3.690915107727051
2008 3.811631441116333
2157 3.6934683322906494
2008 3.819844961166382
2157 3.6867592334747314
2008 3.815654754638672
2157 3.690021276473999
2008 3.8176090717315674
2157 3.6889519691467285
2008 3.8156113624572754
2157 3.683145046234131
2008 3.812436819076538
2157 3.6954076290130615
2008 3.81693959236145
2157 3.695180654525757
2008 3.8195838928222656
2157 3.6977784633636475
2008 3.8172662258148193
2157 3.697018623352051
2008 3.8159215450286865
2157 3.6856298446655273
2008 3.808885097503662
2157 3.717097043991089
2008 3.814321279525757
2157 3.6797752380371094
2008 3.808457851409912
2157 3.688344717025757
2008 3.8199310302734375
2157 3.680607795715332
2008 3.8079869747161865
2157 3.6810731887817383
2008 3.812126398086548
2157 3.692211627960205
2008 3.8133397102355957
2157 3.689512014389038
2008 3.812131881713867
2157 3.6849441528320312
2008 3.810307741165161
2157 3.695681095123291
2008 3.8181495666503906
2157 3.712759017944336
2008 3.8152928352355957
2157 3.6925137042999268
2008 3.813173294067383
2157 3.6910979747772217
2008 3.8170816898345947
2157 3.69474458694458
2008 3.814455509185791
2157 3.697946786880493
2008 3.814659833908081
2157 3.6845459938049316
2008 3.8122832775115967
2157 3.693297863006592
2008 3.8177709579467773
2157 3.6950600147247314
2008 3.815962314605713
2157 3.695394277572632
2008 3.813821792602539
2157 3.692580461502075
2008 3.816251277923584
2157 3.6981699466705322
2008 3.818631649017334
2157 3.689908027648926
2008 3.8149495124816895
2157 3.6889076232910156
2008 3.8120250701904297
2157 3.692765474319458
2008 3.816941022872925
2157 3.6986849308013916
2008 3.821136713027954
2157 3.69163179397583
2008 3.8171448707580566
2157 3.696669340133667
2008 3.8235623836517334
2157 3.6932764053344727
2008 3.8154220581054688
2157 3.693049907684326
2008 3.8382439613342285
2157 3.704077959060669
2008 3.8243093490600586
2157 3.6941401958465576
2008 3.8135569095611572
2157 3.697371482849121
2008 3.81562876701355
2157 3.692183256149292
2008 3.8142683506011963
2157 3.68660831451416
2008 3.8139688968658447
2157 3.689150333404541
2008 3.8198890686035156
2157 3.6910507678985596
2008 3.8178768157958984
2157 3.695098638534546
2008 3.820195198059082
2157 3.6905617713928223
2008 3.8341805934906006
2157 3.693800210952759
2008 3.823263645172119
2157 3.6843996047973633
2008 3.8149333000183105
2157 3.6936299800872803
2008 3.8154025077819824
2157 3.6932694911956787
2008 3.8201310634613037
2157 3.6910600662231445
2008 3.820272922515869
2157 3.6908538341522217
2008 3.8137173652648926
2157 3.691401720046997
2008 3.8191044330596924
2157 3.6955008506774902
2008 3.8156700134277344
2157 3.693427324295044
2008 3.821726083755493
2157 3.7030467987060547
2008 3.8183774948120117
2157 3.6951515674591064
2008 3.818814992904663
2157 3.688345193862915
2008 3.8168439865112305
2157 3.697108507156372
2008 3.8140742778778076
2157 3.6870920658111572
2008 3.8255975246429443
2157 3.6860287189483643
2008 3.8110644817352295
2157 3.6880273818969727
2008 3.8120687007904053
2157 3.688797950744629
2008 3.812992572784424
2157 3.6928062438964844
2008 3.8126823902130127
2157 3.6983020305633545
2008 3.8188376426696777
2157 3.691074848175049
2008 3.814439296722412
2157 3.698652982711792
2008 3.820706605911255
2157 3.693535089492798
2008 3.8166935443878174
2157 3.6938321590423584
2008 3.828080415725708
2157 3.693871259689331
2008 3.8160417079925537
2157 3.6934070587158203
2008 3.819448471069336
2157 3.691648483276367
2008 3.8126299381256104
2157 3.6805365085601807
2008 3.8074557781219482
2157 3.7214930057525635
2008 3.814236879348755
2157 3.691210985183716
2008 3.812514066696167
2157 3.6897332668304443
2008 3.8157832622528076
2157 3.692553997039795
2008 3.812401533126831
2157 3.694814682006836
2008 3.8131802082061768
2157 3.6861674785614014
2008 3.8151702880859375
2157 3.681403160095215
2008 3.8091979026794434
2157 3.6933155059814453
2008 3.819753885269165
2157 3.6910595893859863
2008 3.8150949478149414
2157 3.7140915393829346
2008 3.8175415992736816
2157 3.6981379985809326
2008 3.8181774616241455
2157 3.696316957473755
2008 3.815398931503296
2157 3.6949944496154785
2008 3.8156380653381348
2157 3.6931588649749756
2008 3.8213884830474854
2157 3.6943600177764893
2008 3.8150179386138916
2157 3.6956560611724854
2008 3.8183560371398926
2157 3.6976428031921387
2008 3.820845603942871
2157 3.6835274696350098
2008 3.8084371089935303
2157 3.6861703395843506
2008 3.810878038406372
2157 3.6895766258239746
2008 3.8191330432891846
2157 3.6960647106170654
2008 3.8230459690093994
2157 3.6918580532073975
2008 3.8138880729675293
2157 3.6878154277801514
2008 3.8136632442474365
2157 3.6912074089050293
2008 3.817187547683716
2157 3.692308187484741
2008 3.8140902519226074
2157 3.691815137863159
2008 3.8159351348876953
2157 3.693743944168091
2008 3.8197526931762695
2157 3.688272476196289
2008 3.8350400924682617
2157 3.6988635063171387
2008 3.817092180252075
2157 3.6926209926605225
2008 3.817882776260376
2157 3.698882579803467
2008 3.822887420654297
2157 3.693739414215088
2008 3.814537286758423
2157 3.6881580352783203
2008 3.813877820968628
2157 3.695342779159546
2008 3.8148441314697266
2157 3.6938507556915283
2008 3.81518816947937
2157 3.6901185512542725
2008 3.811228036880493
2157 3.688250780105591
2008 3.8395988941192627
2157 3.6895275115966797
2008 3.81552791595459
2157 3.686408758163452
2008 3.8143558502197266
2157 3.6893129348754883
2008 3.8184030055999756
2157 3.693824052810669
2008 3.8151209354400635
2157 3.6852476596832275
2008 3.809915781021118
2157 3.6938772201538086
2008 3.8180949687957764
2157 3.6945016384124756
2008 3.8230793476104736
2157 3.6970291137695312
2008 3.8165712356567383
2157 3.693387746810913
2008 3.8160417079925537
2157 3.691420555114746
2008 3.8240792751312256
2157 3.6937472820281982
2008 3.8146860599517822
2157 3.680129289627075
2008 3.81291127204895
2157 3.68867564201355
2008 3.811699867248535
2157 3.6933329105377197
2008 3.815877914428711
2157 3.6942555904388428
2008 3.8169071674346924
2157 3.688112735748291
2008 3.813971757888794
2157 3.6868436336517334
2008 3.814394235610962
2157 3.6897811889648438
2008 3.820420026779175
2157 3.7036893367767334
2008 3.812551975250244
2157 3.694801092147827
2008 3.8192436695098877
2157 3.697154998779297
2008 3.815964698791504
2157 3.694146156311035
2008 3.814396858215332
2157 3.6919169425964355
2008 3.811913251876831
2157 3.692394256591797
2008 3.813739061355591
2157 3.6887197494506836
2008 3.8161673545837402
2157 3.7000839710235596
2008 3.826711654663086
2157 3.691878080368042
2008 3.8153300285339355
2157 3.7193636894226074
2008 3.817056179046631
2157 3.7035515308380127
2008 3.8206417560577393
2157 3.6846230030059814
2008 3.8132550716400146
2157 3.696868896484375
2008 3.8163702487945557
2157 3.6944737434387207
2008 3.820368766784668
2157 3.6904942989349365
2008 3.8117213249206543
2157 3.692105770111084
2008 3.814040422439575
2157 3.6851184368133545
2008 3.8200759887695312
2157 3.687849283218384
2008 3.801886796951294
2157 3.685899496078491
2008 3.8086330890655518
2157 3.6893534660339355
2008 3.814051628112793
2157 3.6836740970611572
2008 3.8108808994293213
2157 3.693286180496216
2008 3.815739393234253
2157 3.690044641494751
2008 3.816387176513672
2157 3.692528009414673
2008 3.8155245780944824
2157 3.692932605743408
2008 3.812791347503662
2157 3.691073179244995
2008 3.8123505115509033
2157 3.689772129058838
2008 3.8129191398620605
2157 3.6937835216522217
2008 3.8056530952453613
2157 3.6895241737365723
2008 3.812321424484253
2157 3.691286325454712
2008 3.818655252456665
2157 3.6864681243896484
2008 3.812701463699341
2157 3.683011770248413
2008 3.8041725158691406
2157 3.679699182510376
2008 3.806779146194458
2157 3.688910722732544
2008 3.813662528991699
2157 3.6805248260498047
2008 3.803922653198242
2157 3.6747541427612305
2008 3.79882550239563
2157 3.693096160888672
2008 3.8195154666900635
2157 3.6954002380371094
2008 3.8122377395629883
2157 3.672395944595337
2008 3.799177646636963
2157 3.690185546875
2008 3.8108041286468506
2157 3.695169687271118
2008 3.81549334526062
2157 3.695091962814331
2008 3.816624879837036
2157 3.687674045562744
2008 3.807352304458618
2157 3.682096242904663
2008 3.8063929080963135
2157 3.69354510307312
2008 3.814073324203491
2157 3.6886343955993652
2008 3.8247673511505127
2157 3.689066171646118
2008 3.8101515769958496
2157 3.68973970413208
2008 3.8102362155914307
2157 3.6813995838165283
2008 3.812095880508423
2157 3.6869008541107178
2008 3.817138910293579
2157 3.695223569869995
2008 3.8104255199432373
2157 3.694258689880371
2008 3.814506769180298
2157 3.6968812942504883
2008 3.8164448738098145
2157 3.701113224029541
2008 3.8114843368530273
2157 3.6927385330200195
2008 3.8263614177703857
2157 3.6921489238739014
2008 3.8185017108917236
2157 3.6966817378997803
2008 3.8147571086883545
2157 3.689992904663086
2008 3.813204526901245
2157 3.696779251098633
2008 3.8121848106384277
2157 3.6975862979888916
2008 3.816295623779297
2157 3.6959898471832275
2008 3.810863494873047
2157 3.6909584999084473
2008 3.8130970001220703
2157 3.697892665863037
2008 3.8212528228759766
2157 3.6921191215515137
2008 3.8139665126800537
2157 3.696838855743408
2008 3.8185298442840576
2157 3.6916422843933105
2008 3.816045045852661
2157 3.6905133724212646
2008 3.8190088272094727
2157 3.699206829071045
2008 3.8169074058532715
2157 3.697662830352783
2008 3.8210039138793945
2157 3.697392225265503
2008 3.8215930461883545
2157 3.6976678371429443
2008 3.819511890411377
2157 3.6849875450134277
2008 3.8110156059265137
2157 3.6892247200012207
2008 3.8145089149475098
2157 3.70715069770813
2008 3.817045211791992
2157 3.692930221557617
2008 3.8124537467956543
2157 3.691925525665283
2008 3.818605422973633
2157 3.6905016899108887
2008 3.809702157974243
2157 3.6879239082336426
2008 3.8093667030334473
2157 3.686448574066162
2008 3.811277151107788
2157 3.6854467391967773
2008 3.8033525943756104
2157 3.684743642807007
2008 3.816927909851074
2157 3.685910224914551
2008 3.807213068008423
2157 3.705798864364624
2008 3.8161771297454834
2157 3.6886425018310547
2008 3.809004545211792
2157 3.683807373046875
2008 3.8080708980560303
2157 3.695185899734497
2008 3.8163485527038574
2157 3.6918113231658936
2008 3.8134703636169434
2157 3.69075083732605
2008 3.8128488063812256
2157 3.6856651306152344
2008 3.8163113594055176
2157 3.6860010623931885
2008 3.8111610412597656
2157 3.6921546459198
2008 3.817201614379883
2157 3.6952085494995117
2008 3.8107287883758545
2157 3.697075605392456
2008 3.817060947418213
2157 3.6900408267974854
2008 3.8118293285369873
2157 3.6936612129211426
2008 3.8179545402526855
2157 3.6854372024536133
2008 3.815438985824585
2157 3.6916427612304688
2008 3.8082661628723145
2157 3.692061185836792
2008 3.8133621215820312
2157 3.674745559692383
2008 3.8096158504486084
2157 3.696831703186035
2008 3.8202946186065674
2157 3.685582160949707
2008 3.824418306350708
2157 3.7057597637176514
2008 3.819816827774048
2157 3.6841137409210205
2008 3.806126594543457
2157 3.695369005203247
2008 3.8189189434051514
2157 3.6916422843933105
2008 3.8108983039855957
2157 3.6875903606414795
2008 3.8086769580841064
2157 3.694463014602661
2008 3.8166019916534424
2157 3.694502115249634
2008 3.8165764808654785
2157 3.697097063064575
2008 3.8144917488098145
2157 3.694654941558838
2008 3.8376877307891846
2157 3.687309741973877
2008 3.8169548511505127
2157 3.6989142894744873
2008 3.8247227668762207
2157 3.694796085357666
2008 3.8180699348449707
2157 3.690898895263672
2008 3.8164029121398926
2157 3.6916768550872803
2008 3.821939706802368
2157 3.6921920776367188
2008 3.811417818069458
2157 3.6978774070739746
2008 3.8200297355651855
2157 3.692537784576416
2008 3.812361001968384
2157 3.697129964828491
2008 3.8218953609466553
2157 3.6926777362823486
2008 3.8151707649230957
2157 3.682394027709961
2008 3.8092732429504395
2157 3.6901378631591797
2008 3.817253351211548
2157 3.6922032833099365
2008 3.8090386390686035
2157 3.6909403800964355
2008 3.816112756729126
2157 3.6944663524627686
2008 3.8179385662078857
2157 3.6889073848724365
2008 3.8089356422424316
2157 3.681452751159668
2008 3.8053793907165527
2157 3.683589458465576
2008 3.809298038482666
2157 3.6896400451660156
2008 3.813525676727295
2157 3.682204246520996
2008 3.809567928314209
2157 3.6846938133239746
2008 3.810957431793213
2157 3.688349723815918
2008 3.8150432109832764
2157 3.691676616668701
2008 3.8112471103668213
2157 3.6930699348449707
2008 3.8198421001434326
2157 3.696319818496704
2008 3.8195252418518066
2157 3.6972813606262207
2008 3.819967031478882
2157 3.6928701400756836
2008 3.8164267539978027
2157 3.7154786586761475
2008 3.8179006576538086
2157 3.689851999282837
2008 3.8124239444732666
2157 3.69568133354187
2008 3.8278708457946777
2157 3.6922242641448975
2008 3.815998077392578
2157 3.6932373046875
2008 3.8163278102874756
2157 3.6967010498046875
2008 3.819080114364624
2157 3.6936421394348145
2008 3.8138465881347656
2157 3.692147731781006
2008 3.8241424560546875
2157 3.6960835456848145
2008 3.8140902519226074
2157 3.719024419784546
2008 3.8194079399108887
2157 3.692631483078003
2008 3.8201191425323486
2157 3.6921658515930176
2008 3.814255475997925
2157 3.6999142169952393
2008 3.820680856704712
2157 3.69948410987854
2008 3.81595778465271
2157 3.695866107940674
2008 3.822660446166992
2157 3.699204206466675
2008 3.822375774383545
2157 3.6914055347442627
2008 3.8119356632232666
2157 3.700770139694214
2008 3.8218915462493896
2157 3.696866273880005
2008 3.8211183547973633
2157 3.6999685764312744
2008 3.815582036972046
2157 3.6965043544769287
2008 3.8183248043060303
2157 3.6916720867156982
2008 3.8163387775421143
2157 3.694485902786255
2008 3.819687604904175
2157 3.7055695056915283
2008 3.827436685562134
2157 3.7002968788146973
2008 3.82257080078125
2157 3.6922178268432617
2008 3.824920415878296
2157 3.6958682537078857
2008 3.820006847381592
2157 3.6830506324768066
2008 3.8276429176330566
2157 3.6868178844451904
2008 3.811638116836548
2157 3.686586856842041
2008 3.80723237991333
2157 3.686905860900879
2008 3.8117430210113525
2157 3.685227632522583
2008 3.8100225925445557
2157 3.6831300258636475
2008 3.80446720123291
2157 3.6886684894561768
2008 3.808478593826294
2157 3.6902692317962646
2008 3.810202121734619
2157 3.6884701251983643
2008 3.808133125305176
2157 3.687281608581543
2008 3.8293709754943848
2157 3.683093547821045
2008 3.805436372756958
2157 3.6765546798706055
2008 3.799232244491577
2157 3.6782732009887695
2008 3.801614761352539
2157 3.6778130531311035
2008 3.801013708114624
2157 3.6834728717803955
2008 3.8050334453582764
2157 3.679018974304199
2008 3.8041772842407227
2157 3.6827282905578613
2008 3.8077101707458496
2157 3.680971384048462
2008 3.8030972480773926
2157 3.6834020614624023
2008 3.808284044265747
2157 3.686713218688965
2008 3.8100779056549072
2157 3.6845812797546387
2008 3.808572292327881
2157 3.686997652053833
2008 3.8144798278808594
2157 3.6852266788482666
2008 3.805358409881592
2157 3.684394121170044
2008 3.803068161010742
2157 3.6904704570770264
2008 3.8069143295288086
2157 3.673313617706299
2008 3.802947998046875
2157 3.684415578842163
2008 3.8107779026031494
2157 3.6859383583068848
2008 3.810396194458008
2157 3.704824209213257
2008 3.808291435241699
2157 3.6882622241973877
2008 3.8111114501953125
2157 3.68459153175354
2008 3.8099794387817383
2157 3.6840550899505615
2008 3.8045103549957275
2157 3.6893439292907715
2008 3.8133955001831055
2157 3.6795668601989746
2008 3.8038249015808105
2157 3.684976816177368
2008 3.8091423511505127
2157 3.6845030784606934
2008 3.809305191040039
2157 3.6811540126800537
2008 3.8048925399780273
2157 3.712245464324951
2008 3.806600332260132
