e-greedy
1954 3.7895097732543945
1805 3.9014525413513184
1954 3.772275924682617
1805 3.8858752250671387
1954 3.7771894931793213
1805 3.888016939163208
1954 3.7730209827423096
1805 3.8871986865997314
1954 3.7836925983428955
1805 3.8850903511047363
1954 3.769031524658203
1805 3.87957501411438
1954 3.768490791320801
1805 3.9022557735443115
1954 3.7720606327056885
1805 3.881168842315674
1954 3.773528814315796
1805 3.887441635131836
1954 3.764983892440796
1805 3.8767011165618896
1954 3.779107093811035
1805 3.880557060241699
1954 3.7637622356414795
1805 3.876431465148926
1954 3.768202304840088
1805 3.8762948513031006
1954 3.7692949771881104
1805 3.87172794342041
1954 3.7757391929626465
1805 3.8865854740142822
1954 3.7791523933410645
1805 3.8865787982940674
1954 3.75567364692688
1805 3.863616943359375
1954 3.7512292861938477
1805 3.857464075088501
1954 3.7555665969848633
1805 3.859903335571289
1954 3.7477529048919678
1805 3.8682210445404053
1954 3.7615737915039062
1805 3.8671979904174805
1954 3.7581303119659424
1805 3.871359348297119
1954 3.750945806503296
1805 3.8530774116516113
1954 3.763636827468872
1805 3.8682451248168945
1954 3.7516744136810303
1805 3.8620738983154297
1954 3.7635738849639893
1805 3.8707425594329834
1954 3.7627806663513184
1805 3.869495391845703
1954 3.742017984390259
1805 3.855259656906128
1954 3.761777877807617
1805 3.8624532222747803
1954 3.767794132232666
1805 3.8697197437286377
1954 3.759901762008667
1805 3.866070508956909
1954 3.7667436599731445
1805 3.875138521194458
1954 3.7539310455322266
1805 3.8668277263641357
1954 3.757723093032837
1805 3.8653316497802734
1954 3.7640838623046875
1805 3.870069980621338
1954 3.754608392715454
1805 3.871349811553955
1954 3.7445919513702393
1805 3.8612053394317627
1954 3.764021396636963
1805 3.8630034923553467
1954 3.7687463760375977
1805 3.8757128715515137
1954 3.766950845718384
1805 3.8660573959350586
1954 3.762831926345825
1805 3.874544382095337
1954 3.7602665424346924
1805 3.85331392288208
1954 3.7583529949188232
1805 3.870049476623535
1954 3.764409303665161
1805 3.869112014770508
1954 3.7621707916259766
1805 3.864945650100708
1954 3.7457733154296875
1805 3.859091281890869
1954 3.7515416145324707
1805 3.869704246520996
1954 3.7550559043884277
1805 3.861832857131958
1954 3.7585608959198
1805 3.8633313179016113
1954 3.7465529441833496
1805 3.8640170097351074
1954 3.754830837249756
1805 3.869868755340576
1954 3.7471814155578613
1805 3.8592841625213623
1954 3.7552554607391357
1805 3.8589084148406982
1954 3.7476694583892822
1805 3.851807117462158
1954 3.766439437866211
1805 3.8691065311431885
1954 3.7618939876556396
1805 3.8690764904022217
1954 3.764887809753418
1805 3.870978593826294
1954 3.757012128829956
1805 3.871610403060913
1954 3.7563700675964355
1805 3.870199680328369
1954 3.756399393081665
1805 3.8606269359588623
1954 3.7534642219543457
1805 3.8618698120117188
1954 3.7550277709960938
1805 3.8704700469970703
1954 3.766667366027832
1805 3.871854782104492
1954 3.7691650390625
1805 3.8696374893188477
1954 3.7676539421081543
1805 3.87485671043396
1954 3.752261161804199
1805 3.8657615184783936
1954 3.767943859100342
1805 3.8751258850097656
1954 3.751079797744751
1805 3.8688673973083496
1954 3.758352041244507
1805 3.86330246925354
1954 3.7656683921813965
1805 3.869130849838257
1954 3.7672770023345947
1805 3.870267629623413
1954 3.76008939743042
1805 3.8640620708465576
1954 3.7658817768096924
1805 3.877706289291382
1954 3.766822576522827
1805 3.869574546813965
1954 3.7665510177612305
1805 3.8777925968170166
1954 3.751574993133545
1805 3.8686771392822266
1954 3.7589218616485596
1805 3.8788857460021973
1954 3.7525012493133545
1805 3.8647537231445312
1954 3.765040159225464
1805 3.8711490631103516
1954 3.7668204307556152
1805 3.872892379760742
1954 3.7498698234558105
1805 3.8604421615600586
1954 3.7674920558929443
1805 3.875309467315674
1954 3.759098768234253
1805 3.8657679557800293
1954 3.7706096172332764
1805 3.876495361328125
1954 3.7560997009277344
1805 3.8681414127349854
1954 3.7565484046936035
1805 3.872774362564087
1954 3.7536349296569824
1805 3.8631420135498047
1954 3.7690889835357666
1805 3.8750548362731934
1954 3.787947654724121
1805 3.885327100753784
1954 3.770307779312134
1805 3.8792829513549805
1954 3.768908739089966
1805 3.885514736175537
1954 3.767732858657837
1805 3.860741376876831
1954 3.7612295150756836
1805 3.8774397373199463
1954 3.7581803798675537
1805 3.869152307510376
1954 3.7609925270080566
1805 3.86590313911438
1954 3.7590651512145996
1805 3.8747448921203613
1954 3.7687461376190186
1805 3.8789498805999756
1954 3.7749524116516113
1805 3.8629651069641113
1954 3.7624826431274414
1805 3.868781089782715
1954 3.76536226272583
1805 3.868166208267212
1954 3.7619857788085938
1805 3.8783910274505615
1954 3.7647275924682617
1805 3.8696110248565674
1954 3.7631313800811768
1805 3.8665943145751953
1954 3.764972686767578
1805 3.8747546672821045
1954 3.757936477661133
1805 3.8716795444488525
1954 3.759878396987915
1805 3.869960069656372
1954 3.7798702716827393
1805 3.876054286956787
1954 3.763641834259033
1805 3.867732286453247
1954 3.7686448097229004
1805 3.8752365112304688
1954 3.76124906539917
1805 3.8724186420440674
1954 3.7622230052948
1805 3.876704454421997
1954 3.760826349258423
1805 3.8751745223999023
1954 3.7659120559692383
1805 3.8730859756469727
1954 3.757112741470337
1805 3.858677625656128
1954 3.7521812915802
1805 3.865041732788086
1954 3.764336585998535
1805 3.856031894683838
1954 3.7654223442077637
1805 3.871568202972412
1954 3.768322467803955
1805 3.8723630905151367
1954 3.768105983734131
1805 3.8757073879241943
1954 3.7468085289001465
1805 3.8666486740112305
1954 3.7629947662353516
1805 3.868044137954712
1954 3.7635462284088135
1805 3.869208574295044
1954 3.7640020847320557
1805 3.874258041381836
1954 3.7604408264160156
1805 3.8637285232543945
1954 3.7802209854125977
1805 3.877703905105591
1954 3.7646067142486572
1805 3.870596408843994
1954 3.7700371742248535
1805 3.8758368492126465
1954 3.769008159637451
1805 3.8705673217773438
1954 3.7664272785186768
1805 3.877223491668701
1954 3.7533702850341797
1805 3.8624584674835205
1954 3.7552452087402344
1805 3.8642258644104004
1954 3.7611188888549805
1805 3.859090566635132
1954 3.7553389072418213
1805 3.8620553016662598
1954 3.7724149227142334
1805 3.8626561164855957
1954 3.756136178970337
1805 3.872565507888794
1954 3.7707815170288086
1805 3.873342752456665
1954 3.766998529434204
1805 3.881871461868286
1954 3.758507013320923
1805 3.8709969520568848
1954 3.7603166103363037
1805 3.8721747398376465
1954 3.768702507019043
1805 3.8703441619873047
1954 3.760039806365967
1805 3.8809897899627686
1954 3.762831926345825
1805 3.862889289855957
1954 3.7885866165161133
1805 3.869232177734375
1954 3.765563726425171
1805 3.866516351699829
1954 3.7684860229492188
1805 3.8758833408355713
1954 3.763632297515869
1805 3.8750061988830566
1954 3.7661187648773193
1805 3.8786325454711914
1954 3.758284330368042
1805 3.8697011470794678
1954 3.753903388977051
1805 3.862567186355591
1954 3.76220965385437
1805 3.8623406887054443
1954 3.7577974796295166
1805 3.863591432571411
1954 3.75783634185791
1805 3.8614494800567627
1954 3.7412638664245605
1805 3.8512520790100098
1954 3.745105504989624
1805 3.851754665374756
1954 3.7509825229644775
1805 3.8605797290802
1954 3.7495763301849365
1805 3.86608624458313
1954 3.750892400741577
1805 3.8628382682800293
1954 3.7471160888671875
1805 3.8586905002593994
1954 3.7455945014953613
1805 3.8614509105682373
1954 3.750067710876465
1805 3.8660624027252197
1954 3.754682779312134
1805 3.857638120651245
1954 3.7468454837799072
1805 3.856991767883301
1954 3.753821611404419
1805 3.865892171859741
1954 3.762584686279297
1805 3.8738772869110107
1954 3.7660045623779297
1805 3.87467360496521
1954 3.7654666900634766
1805 3.8742141723632812
1954 3.760756731033325
1805 3.8738579750061035
1954 3.7597968578338623
1805 3.867295503616333
1954 3.7558066844940186
1805 3.864612340927124
1954 3.772829294204712
1805 3.874403715133667
1954 3.7614731788635254
1805 3.865222215652466
1954 3.7618601322174072
1805 3.875077724456787
1954 3.765258550643921
1805 3.86916184425354
1954 3.762571096420288
1805 3.867154121398926
1954 3.769601583480835
1805 3.877246379852295
1954 3.768369197845459
1805 3.8758654594421387
1954 3.7646210193634033
1805 3.87247896194458
1954 3.762596368789673
1805 3.871619462966919
1954 3.763254165649414
1805 3.8660106658935547
1954 3.7537388801574707
1805 3.866778612136841
1954 3.7589733600616455
1805 3.8745481967926025
1954 3.7653543949127197
1805 3.8794867992401123
1954 3.7580137252807617
1805 3.8721609115600586
1954 3.7639358043670654
1805 3.8812835216522217
1954 3.7616424560546875
1805 3.877969741821289
1954 3.7634077072143555
1805 3.8667192459106445
1954 3.763777494430542
1805 3.8720805644989014
1954 3.7688002586364746
1805 3.896919012069702
1954 3.7674121856689453
1805 3.8795037269592285
1954 3.7654662132263184
1805 3.8828163146972656
1954 3.7607369422912598
1805 3.871178388595581
1954 3.7502336502075195
1805 3.857962131500244
1954 3.744748115539551
1805 3.8558473587036133
1954 3.760171890258789
1805 3.864745855331421
1954 3.7522220611572266
1805 3.85880708694458
1954 3.7573318481445312
1805 3.8636252880096436
1954 3.7564663887023926
1805 3.9005520343780518
1954 3.7645766735076904
1805 3.864290475845337
1954 3.754847526550293
1805 3.868211030960083
1954 3.7573304176330566
1805 3.866459608078003
1954 3.7504899501800537
1805 3.860917806625366
1954 3.7503466606140137
1805 3.8612842559814453
1954 3.7445755004882812
1805 3.8569869995117188
1954 3.7560653686523438
1805 3.8633899688720703
1954 3.742866039276123
1805 3.8538103103637695
1954 3.7487430572509766
1805 3.8826072216033936
1954 3.749298095703125
1805 3.85657000541687
1954 3.7544820308685303
1805 3.8680713176727295
1954 3.7549383640289307
1805 3.8645288944244385
1954 3.7474470138549805
1805 3.8599486351013184
1954 3.7504987716674805
1805 3.857017993927002
1954 3.7584736347198486
1805 3.872746229171753
1954 3.7683234214782715
1805 3.8748621940612793
1954 3.7605628967285156
1805 3.868933916091919
1954 3.762407064437866
1805 3.9095535278320312
1954 3.771925687789917
1805 3.879031181335449
1954 3.7691359519958496
1805 3.8894758224487305
1954 3.768184185028076
1805 3.871732711791992
1954 3.7524311542510986
1805 3.867497682571411
1954 3.7576823234558105
1805 3.8672640323638916
1954 3.7498855590820312
1805 3.854853391647339
1954 3.755736827850342
1805 3.867016077041626
1954 3.7650413513183594
1805 3.86226224899292
1954 3.746062994003296
1805 3.880159378051758
1954 3.7531685829162598
1805 3.8672921657562256
1954 3.767941474914551
1805 3.8799726963043213
1954 3.772562026977539
1805 3.8754584789276123
1954 3.765117645263672
1805 3.870089292526245
1954 3.7594666481018066
1805 3.867218494415283
1954 3.7491323947906494
1805 3.8630826473236084
1954 3.7515437602996826
1805 3.8598339557647705
1954 3.7491466999053955
1805 3.8668437004089355
1954 3.745354652404785
1805 3.8806939125061035
1954 3.745147943496704
1805 3.858093023300171
1954 3.7512106895446777
1805 3.870954751968384
1954 3.7629270553588867
1805 3.8824517726898193
1954 3.764153480529785
1805 3.873953104019165
1954 3.7699501514434814
1805 3.8727152347564697
1954 3.7708523273468018
1805 3.882317066192627
1954 3.76784348487854
1805 3.8815152645111084
1954 3.768401861190796
1805 3.8796420097351074
1954 3.763664960861206
1805 3.892388343811035
1954 3.7642388343811035
1805 3.8688271045684814
1954 3.7675414085388184
1805 3.8759992122650146
1954 3.755316972732544
1805 3.8691370487213135
1954 3.7649152278900146
1805 3.878488779067993
1954 3.7719695568084717
1805 3.8839569091796875
1954 3.7640576362609863
1805 3.8786442279815674
1954 3.7677884101867676
1805 3.8747594356536865
1954 3.768439292907715
1805 3.8759443759918213
1954 3.7609035968780518
1805 3.89389967918396
1954 3.769772529602051
1805 3.8749632835388184
1954 3.762983798980713
1805 3.8647491931915283
1954 3.7674307823181152
1805 3.8692893981933594
1954 3.7627768516540527
1805 3.8756000995635986
1954 3.771787166595459
1805 3.88010835647583
1954 3.7633047103881836
1805 3.8725037574768066
1954 3.762009620666504
1805 3.8758742809295654
1954 3.7673394680023193
1805 3.8800408840179443
1954 3.764690399169922
1805 3.8862240314483643
1954 3.7647950649261475
1805 3.883202314376831
1954 3.7601828575134277
1805 3.8756630420684814
1954 3.769390344619751
1805 3.875354290008545
1954 3.766944408416748
1805 3.8766047954559326
1954 3.768613576889038
1805 3.877788543701172
1954 3.7612993717193604
1805 3.8805770874023438
1954 3.7647242546081543
1805 3.879338264465332
1954 3.769899845123291
1805 3.8836450576782227
1954 3.767986536026001
1805 3.878573417663574
1954 3.7585573196411133
1805 3.873689651489258
1954 3.7645909786224365
1805 3.8716390132904053
1954 3.7647545337677
1805 3.877868413925171
1954 3.7649166584014893
1805 3.873762607574463
1954 3.7608067989349365
1805 3.8727643489837646
1954 3.770307779312134
1805 3.877114772796631
1954 3.770428419113159
1805 3.8847527503967285
1954 3.768868923187256
1805 3.8791444301605225
1954 3.754650831222534
1805 3.866941213607788
1954 3.7621524333953857
1805 3.8734984397888184
1954 3.7629330158233643
1805 3.8680107593536377
1954 3.7629058361053467
1805 3.873447895050049
1954 3.764240026473999
1805 3.876986503601074
1954 3.7727203369140625
1805 3.8889949321746826
1954 3.760277032852173
1805 3.873861074447632
1954 3.7654244899749756
1805 3.8798205852508545
1954 3.7634050846099854
1805 3.8775031566619873
1954 3.757152557373047
1805 3.8750479221343994
1954 3.763240098953247
1805 3.8750274181365967
1954 3.763295888900757
1805 3.8788986206054688
1954 3.769714593887329
1805 3.8843905925750732
1954 3.7646360397338867
1805 3.875704526901245
1954 3.760653257369995
1805 3.8757219314575195
1954 3.7609519958496094
1805 3.8738269805908203
1954 3.7665884494781494
1805 3.883085012435913
1954 3.760559320449829
1805 3.8712029457092285
1954 3.769688844680786
1805 3.8895609378814697
1954 3.7668707370758057
1805 3.8808462619781494
1954 3.7661311626434326
1805 3.880927085876465
1954 3.7699573040008545
1805 3.8784618377685547
1954 3.762012004852295
1805 3.864034652709961
1954 3.754730701446533
1805 3.863318920135498
1954 3.7439324855804443
1805 3.8567276000976562
1954 3.748277425765991
1805 3.8651628494262695
1954 3.7550911903381348
1805 3.859117269515991
1954 3.748692750930786
1805 3.8628597259521484
1954 3.7665443420410156
1805 3.87750506401062
1954 3.7643754482269287
1805 3.8698294162750244
1954 3.7623417377471924
1805 3.87168288230896
1954 3.7699732780456543
1805 3.877828598022461
1954 3.7630677223205566
1805 3.8694753646850586
1954 3.749722480773926
1805 3.868732213973999
1954 3.7501754760742188
1805 3.8602635860443115
1954 3.760003089904785
1805 3.870314121246338
1954 3.7590835094451904
1805 3.8645272254943848
1954 3.7583348751068115
1805 3.8619794845581055
1954 3.746619701385498
1805 3.855724334716797
1954 3.756161689758301
1805 3.8650431632995605
1954 3.7534196376800537
1805 3.866684913635254
1954 3.7509982585906982
1805 3.868760108947754
1954 3.7476694583892822
1805 3.8624095916748047
1954 3.7508089542388916
1805 3.861328363418579
1954 3.746230125427246
1805 3.866205930709839
1954 3.7565600872039795
1805 3.8720924854278564
1954 3.758758544921875
1805 3.8618836402893066
1954 3.7534215450286865
1805 3.865504741668701
1954 3.759136199951172
1805 3.868481159210205
1954 3.761049270629883
1805 3.8763294219970703
1954 3.7655985355377197
1805 3.883781671524048
1954 3.7715678215026855
1805 3.8838889598846436
1954 3.743295192718506
1805 3.8543407917022705
1954 3.7486205101013184
1805 3.8633620738983154
1954 3.7469441890716553
1805 3.865912437438965
1954 3.7725718021392822
1805 3.8610379695892334
1954 3.7531919479370117
1805 3.8593389987945557
1954 3.752012252807617
1805 3.865422248840332
1954 3.750767230987549
1805 3.8619589805603027
1954 3.751356363296509
1805 3.867943525314331
1954 3.7598986625671387
1805 3.8741273880004883
1954 3.754277467727661
1805 3.8631954193115234
1954 3.756648540496826
1805 3.8656463623046875
1954 3.7500033378601074
1805 3.8692374229431152
1954 3.7714996337890625
1805 3.8678174018859863
1954 3.75003981590271
1805 3.8670847415924072
1954 3.753156900405884
1805 3.866889238357544
1954 3.756107807159424
1805 3.8646047115325928
1954 3.762042999267578
1805 3.865601062774658
1954 3.746387481689453
1805 3.869699239730835
1954 3.7518398761749268
1805 3.8608007431030273
1954 3.747009038925171
1805 3.8608553409576416
1954 3.754074811935425
1805 3.864182233810425
1954 3.7721848487854004
1805 3.866671323776245
1954 3.7514772415161133
1805 3.854919672012329
1954 3.746584415435791
1805 3.856081485748291
1954 3.7499773502349854
1805 3.856520175933838
1954 3.7480525970458984
1805 3.860685348510742
1954 3.747372627258301
1805 3.859833240509033
1954 3.7417726516723633
1805 3.8555572032928467
1954 3.7571449279785156
1805 3.8562076091766357
1954 3.758131742477417
1805 3.872170925140381
1954 3.7736663818359375
1805 3.865203619003296
1954 3.745514154434204
1805 3.8567726612091064
1954 3.7562193870544434
1805 3.8650410175323486
1954 3.7592883110046387
1805 3.863053321838379
1954 3.746070384979248
1805 3.860661268234253
1954 3.7502944469451904
1805 3.862985849380493
1954 3.756509780883789
1805 3.8611600399017334
1954 3.7559757232666016
1805 3.8671181201934814
1954 3.759524345397949
1805 3.8721675872802734
1954 3.751845598220825
1805 3.8657352924346924
1954 3.751335859298706
1805 3.8670403957366943
1954 3.757577657699585
1805 3.8743319511413574
1954 3.754689931869507
1805 3.872828245162964
1954 3.7489640712738037
1805 3.8637120723724365
1954 3.7606143951416016
1805 3.872819662094116
1954 3.7685630321502686
1805 3.8826377391815186
1954 3.7778398990631104
1805 3.8845252990722656
1954 3.763073205947876
1805 3.867575168609619
1954 3.7677721977233887
1805 3.8813488483428955
1954 3.7700085639953613
1805 3.878164768218994
1954 3.768824338912964
1805 3.8776769638061523
1954 3.7653634548187256
1805 3.873944044113159
1954 3.7668850421905518
1805 3.8816277980804443
1954 3.763253927230835
1805 3.8747920989990234
1954 3.756659507751465
1805 3.870858907699585
1954 3.767787218093872
1805 3.876718282699585
1954 3.7645227909088135
1805 3.8801944255828857
1954 3.7530622482299805
1805 3.88008713722229
1954 3.7634456157684326
1805 3.876589298248291
1954 3.762953996658325
1805 3.878363847732544
1954 3.769958734512329
1805 3.8822848796844482
1954 3.7601583003997803
1805 3.8737218379974365
1954 3.7674567699432373
1805 3.8687005043029785
1954 3.764014959335327
1805 3.8658604621887207
1954 3.7619738578796387
1805 3.866328716278076
1954 3.7599122524261475
1805 3.874545097351074
1954 3.766957998275757
1805 3.8808391094207764
1954 3.768770456314087
1805 3.8836913108825684
1954 3.768909454345703
1805 3.881251811981201
1954 3.7661821842193604
1805 3.8777434825897217
1954 3.773825168609619
1805 3.8786563873291016
1954 3.7651567459106445
1805 3.8808677196502686
1954 3.759446859359741
1805 3.8743488788604736
1954 3.759352922439575
1805 3.869394302368164
1954 3.765610456466675
1805 3.873314142227173
1954 3.765932321548462
1805 3.8819355964660645
1954 3.7647712230682373
1805 3.8807756900787354
1954 3.763212203979492
1805 3.875481367111206
1954 3.7732040882110596
1805 3.876063823699951
1954 3.773683786392212
1805 3.8846371173858643
1954 3.7689595222473145
1805 3.8827550411224365
1954 3.7639148235321045
1805 3.8722739219665527
1954 3.770946979522705
1805 3.8836565017700195
1954 3.7709054946899414
1805 3.881024122238159
1954 3.77374267578125
1805 3.897015333175659
1954 3.768202304840088
1805 3.884828567504883
1954 3.7600574493408203
1805 3.8706510066986084
1954 3.7641422748565674
1805 3.8779022693634033
1954 3.769792079925537
1805 3.8819470405578613
1954 3.7736880779266357
1805 3.884737253189087
1954 3.7664120197296143
1805 3.8822391033172607
1954 3.7613396644592285
1805 3.869917869567871
1954 3.7640066146850586
1805 3.875601053237915
1954 3.764817714691162
1805 3.8947715759277344
1954 3.7496395111083984
1805 3.8660976886749268
1954 3.7664997577667236
1805 3.881507635116577
1954 3.7726967334747314
1805 3.8787429332733154
1954 3.770037889480591
1805 3.8786044120788574
1954 3.7635302543640137
1805 3.8766751289367676
1954 3.776092529296875
1805 3.886488676071167
1954 3.7667675018310547
1805 3.880199432373047
1954 3.759688377380371
1805 3.873084545135498
1954 3.768479824066162
1805 3.8969621658325195
1954 3.7685322761535645
1805 3.881002187728882
1954 3.765153646469116
1805 3.883836269378662
1954 3.762510061264038
1805 3.8739638328552246
1954 3.7614450454711914
1805 3.8745718002319336
1954 3.768954277038574
1805 3.8810646533966064
1954 3.769716262817383
1805 3.879796266555786
1954 3.7578468322753906
1805 3.8697123527526855
1954 3.756343126296997
1805 3.8657073974609375
1954 3.7569539546966553
1805 3.881528615951538
1954 3.749772787094116
1805 3.8663268089294434
1954 3.7524349689483643
1805 3.8608548641204834
1954 3.753004312515259
1805 3.8644275665283203
1954 3.7469401359558105
1805 3.8604211807250977
1954 3.7614378929138184
1805 3.86586332321167
1954 3.753666639328003
1805 3.863004684448242
1954 3.755323648452759
1805 3.876819133758545
1954 3.757643938064575
1805 3.876631259918213
1954 3.775850534439087
1805 3.897629976272583
1954 3.757899045944214
1805 3.8627896308898926
1954 3.7453572750091553
1805 3.861720085144043
1954 3.762101888656616
1805 3.872103214263916
1954 3.7712390422821045
1805 3.8699023723602295
1954 3.757275104522705
1805 3.8612213134765625
1954 3.761035680770874
1805 3.869708299636841
1954 3.7441859245300293
1805 3.8557910919189453
1954 3.7575154304504395
1805 3.8573689460754395
1954 3.757291316986084
1805 3.8821988105773926
1954 3.749835252761841
1805 3.859250068664551
1954 3.750645875930786
1805 3.855048656463623
1954 3.7497622966766357
1805 3.8615949153900146
1954 3.7595725059509277
1805 3.8718955516815186
1954 3.7578532695770264
1805 3.8631229400634766
1954 3.7569751739501953
1805 3.8667871952056885
1954 3.7496581077575684
1805 3.8583128452301025
1954 3.7526941299438477
1805 3.8675413131713867
1954 3.767388343811035
1805 3.8965728282928467
1954 3.752734899520874
1805 3.859590530395508
1954 3.75411319732666
1805 3.867046594619751
1954 3.7509512901306152
1805 3.8578908443450928
1954 3.751133918762207
1805 3.8677382469177246
1954 3.7547829151153564
1805 3.8642163276672363
1954 3.751805543899536
1805 3.8594276905059814
1954 3.7540366649627686
1805 3.864516258239746
1954 3.756300210952759
1805 3.869582414627075
1954 3.757481813430786
1805 3.886258363723755
1954 3.7594456672668457
1805 3.8768041133880615
1954 3.7742855548858643
1805 3.8818247318267822
1954 3.761774778366089
1805 3.8758938312530518
1954 3.7586162090301514
1805 3.8715219497680664
1954 3.7717976570129395
1805 3.886064052581787
1954 3.770420789718628
1805 3.875380277633667
1954 3.7617745399475098
1805 3.8808860778808594
1954 3.763622522354126
1805 3.874924421310425
1954 3.7667839527130127
1805 3.903198719024658
1954 3.7737958431243896
1805 3.876479387283325
1954 3.7668211460113525
1805 3.8786094188690186
1954 3.7659900188446045
1805 3.876629590988159
1954 3.7652475833892822
1805 3.8736517429351807
1954 3.767202854156494
1805 3.8751418590545654
1954 3.764704704284668
1805 3.8790783882141113
1954 3.7684290409088135
1805 3.8753366470336914
1954 3.7702128887176514
1805 3.8827619552612305
1954 3.7650773525238037
1805 3.891831398010254
1954 3.7696661949157715
1805 3.887673854827881
1954 3.7713277339935303
1805 3.8783581256866455
1954 3.774197578430176
1805 3.880122184753418
1954 3.7710344791412354
1805 3.8784613609313965
1954 3.7779080867767334
1805 3.8795337677001953
1954 3.7704946994781494
1805 3.880291700363159
1954 3.7608256340026855
1805 3.8821804523468018
1954 3.7574880123138428
1805 3.869384527206421
1954 3.7721829414367676
1805 3.8943421840667725
1954 3.7603349685668945
1805 3.8754048347473145
1954 3.7758498191833496
1805 3.8841135501861572
1954 3.764578342437744
1805 3.8745179176330566
1954 3.767261028289795
1805 3.8769586086273193
1954 3.7665438652038574
1805 3.871788501739502
1954 3.7561237812042236
1805 3.863316297531128
1954 3.7473535537719727
1805 3.8637919425964355
1954 3.757469892501831
1805 3.8648929595947266
1954 3.7576992511749268
1805 3.8648784160614014
1954 3.75978946685791
1805 3.86750864982605
1954 3.754579544067383
1805 3.868103504180908
1954 3.756131172180176
1805 3.8601272106170654
1954 3.754770517349243
1805 3.862816095352173
1954 3.758107900619507
1805 3.8716468811035156
1954 3.744825839996338
1805 3.8575382232666016
1954 3.7473373413085938
1805 3.8718769550323486
1954 3.75460147857666
1805 3.8723390102386475
1954 3.7521581649780273
1805 3.864292860031128
1954 3.75342059135437
1805 3.860109567642212
1954 3.7519025802612305
1805 3.8610610961914062
1954 3.767857313156128
1805 3.8719451427459717
1954 3.755978584289551
1805 3.8700692653656006
1954 3.7526679039001465
1805 3.8666775226593018
1954 3.75702166557312
1805 3.8718490600585938
1954 3.758517265319824
1805 3.8673582077026367
1954 3.7585809230804443
1805 3.8700931072235107
1954 3.7573530673980713
1805 3.8635313510894775
1954 3.757056951522827
1805 3.870119571685791
1954 3.758927583694458
1805 3.8659934997558594
1954 3.7541515827178955
1805 3.867184638977051
1954 3.7641689777374268
1805 3.8779184818267822
1954 3.74977445602417
1805 3.868286609649658
1954 3.7610034942626953
1805 3.871417760848999
1954 3.7505171298980713
1805 3.8704185485839844
1954 3.7556722164154053
1805 3.871027708053589
1954 3.7657363414764404
1805 3.88606858253479
1954 3.7454233169555664
1805 3.8655686378479004
1954 3.749847412109375
1805 3.8652231693267822
1954 3.763423442840576
1805 3.8635623455047607
1954 3.757164239883423
1805 3.8672001361846924
1954 3.7540457248687744
1805 3.8642513751983643
1954 3.756547451019287
1805 3.867210626602173
1954 3.7617385387420654
1805 3.8788609504699707
1954 3.7633397579193115
1805 3.8695874214172363
1954 3.757150888442993
1805 3.870332956314087
1954 3.7618072032928467
1805 3.874242067337036
1954 3.755035638809204
1805 3.8621835708618164
1954 3.753105401992798
1805 3.8632426261901855
1954 3.746030569076538
1805 3.8565053939819336
1954 3.7544493675231934
1805 3.8697659969329834
1954 3.7507922649383545
1805 3.8635358810424805
1954 3.755115032196045
1805 3.865051507949829
1954 3.7525432109832764
1805 3.8614351749420166
1954 3.756777763366699
1805 3.863095998764038
1954 3.778709888458252
1805 3.86236572265625
1954 3.7585527896881104
1805 3.859369993209839
1954 3.756416082382202
1805 3.864875555038452
1954 3.752772331237793
1805 3.856158971786499
1954 3.7576537132263184
1805 3.8712611198425293
1954 3.759650468826294
1805 3.866927146911621
1954 3.7579753398895264
1805 3.865013837814331
1954 3.750851631164551
1805 3.860255002975464
1954 3.7548587322235107
1805 3.8591971397399902
1954 3.782748222351074
1805 3.8695051670074463
1954 3.752131700515747
1805 3.8645265102386475
1954 3.7573986053466797
1805 3.868884563446045
1954 3.753981351852417
1805 3.8720591068267822
1954 3.753403902053833
1805 3.8685238361358643
1954 3.7581913471221924
1805 3.8709516525268555
1954 3.7481529712677
1805 3.8687028884887695
1954 3.767439603805542
1805 3.8721861839294434
1954 3.771148443222046
1805 3.8803367614746094
1954 3.7914364337921143
1805 3.880892753601074
1954 3.762869119644165
1805 3.8739140033721924
1954 3.767932176589966
1805 3.883772373199463
1954 3.7668209075927734
1805 3.8744261264801025
1954 3.768264055252075
1805 3.883544921875
1954 3.76975679397583
1805 3.877568483352661
1954 3.767817497253418
1805 3.8721933364868164
1954 3.7650697231292725
1805 3.8793728351593018
1954 3.7651829719543457
1805 3.878180980682373
1954 3.7859766483306885
1805 3.8774311542510986
1954 3.7707138061523438
1805 3.881512403488159
1954 3.7717084884643555
1805 3.882920265197754
1954 3.7759199142456055
1805 3.8820607662200928
1954 3.773676872253418
1805 3.8884453773498535
1954 3.7692506313323975
1805 3.881465196609497
1954 3.7675137519836426
1805 3.8831892013549805
1954 3.765833854675293
1805 3.8681671619415283
1954 3.764981985092163
1805 3.8700692653656006
1954 3.785961389541626
1805 3.8759090900421143
1954 3.7587218284606934
1805 3.875394105911255
1954 3.778306722640991
1805 3.893794536590576
1954 3.766740322113037
1805 3.883927345275879
1954 3.769937515258789
1805 3.8744380474090576
1954 3.7707488536834717
1805 3.8837833404541016
1954 3.762234926223755
1805 3.8773326873779297
1954 3.770475149154663
1805 3.8790557384490967
1954 3.772650718688965
1805 3.8824145793914795
1954 3.7845075130462646
1805 3.869591236114502
1954 3.771660804748535
1805 3.873082160949707
1954 3.767397403717041
1805 3.8781001567840576
1954 3.764031171798706
1805 3.8737399578094482
1954 3.769502639770508
1805 3.875105142593384
1954 3.767930507659912
1805 3.8757402896881104
1954 3.763845682144165
1805 3.8754615783691406
1954 3.7671706676483154
1805 3.876539468765259
1954 3.7716450691223145
1805 3.870997667312622
1954 3.800102949142456
1805 3.8881115913391113
1954 3.766362190246582
1805 3.872516393661499
1954 3.7583348751068115
1805 3.866360664367676
1954 3.7487781047821045
1805 3.8574347496032715
1954 3.7547948360443115
1805 3.860515594482422
1954 3.7650558948516846
1805 3.8642892837524414
1954 3.758260488510132
1805 3.8628952503204346
1954 3.758681058883667
1805 3.8645224571228027
1954 3.7619152069091797
1805 3.877654552459717
1954 3.77571177482605
1805 3.8612964153289795
1954 3.7557950019836426
1805 3.863034248352051
1954 3.7586166858673096
1805 3.8630564212799072
1954 3.756395101547241
1805 3.8681466579437256
1954 3.757774591445923
1805 3.867408275604248
1954 3.755859613418579
1805 3.870048999786377
1954 3.7563674449920654
1805 3.8667495250701904
1954 3.7625370025634766
1805 3.8687808513641357
1954 3.747520923614502
1805 3.8631463050842285
1954 3.7772371768951416
1805 3.8683958053588867
1954 3.757695198059082
1805 3.876020669937134
1954 3.761274814605713
1805 3.876962423324585
1954 3.750688076019287
1805 3.863377094268799
1954 3.7560033798217773
1805 3.8668341636657715
1954 3.764777183532715
1805 3.8642477989196777
1954 3.7686285972595215
1805 3.8778858184814453
1954 3.7539150714874268
1805 3.8623032569885254
1954 3.755753517150879
1805 3.87398099899292
1954 3.760275363922119
1805 3.8668179512023926
1954 3.7570905685424805
1805 3.8644185066223145
1954 3.760556221008301
1805 3.8688933849334717
1954 3.746699094772339
1805 3.8651645183563232
1954 3.7509050369262695
1805 3.8565447330474854
1954 3.758439779281616
1805 3.8678951263427734
1954 3.7488207817077637
1805 3.858926773071289
1954 3.7685370445251465
1805 3.8678104877471924
1954 3.7532200813293457
1805 3.8613812923431396
1954 3.760280132293701
1805 3.871795177459717
1954 3.7626421451568604
1805 3.8714497089385986
1954 3.7526044845581055
1805 3.8728816509246826
1954 3.7492873668670654
1805 3.862898826599121
1954 3.746648073196411
1805 3.859114408493042
1954 3.7735021114349365
1805 3.8704147338867188
1954 3.760679006576538
1805 3.8640501499176025
1954 3.775664806365967
1805 3.8810625076293945
1954 3.7617244720458984
1805 3.871358633041382
1954 3.7767763137817383
1805 3.871401071548462
1954 3.7579126358032227
1805 3.870927572250366
1954 3.767683982849121
1805 3.8758578300476074
1954 3.7585501670837402
1805 3.8756115436553955
1954 3.7519583702087402
1805 3.8661906719207764
1954 3.76259446144104
1805 3.8679940700531006
1954 3.7613370418548584
1805 3.8751015663146973
1954 3.7604377269744873
1805 3.871168613433838
1954 3.773528814315796
1805 3.8598523139953613
1954 3.761843681335449
1805 3.890110492706299
1954 3.7654664516448975
1805 3.878810167312622
1954 3.766956329345703
1805 3.883443593978882
1954 3.7723190784454346
1805 3.8770318031311035
1954 3.772660970687866
1805 3.8761115074157715
1954 3.772250175476074
1805 3.8680498600006104
1954 3.7517945766448975
1805 3.863713264465332
1954 3.752596855163574
1805 3.8740928173065186
1954 3.7652089595794678
1805 3.874724864959717
1954 3.7646591663360596
1805 3.877164363861084
1954 3.766030788421631
1805 3.8757944107055664
1954 3.7713000774383545
1805 3.8729135990142822
1954 3.770428419113159
1805 3.8861424922943115
1954 3.7681288719177246
1805 3.8765833377838135
1954 3.761599063873291
1805 3.8756046295166016
1954 3.773526906967163
1805 3.868476152420044
1954 3.768258571624756
1805 3.876319646835327
1954 3.762284994125366
1805 3.8825747966766357
1954 3.765712261199951
1805 3.8820338249206543
1954 3.76784086227417
1805 3.8746280670166016
1954 3.7687785625457764
1805 3.866050958633423
1954 3.7584424018859863
1805 3.8742592334747314
1954 3.773035764694214
1805 3.873478651046753
1954 3.767637014389038
1805 3.875976800918579
1954 3.7571704387664795
1805 3.8729166984558105
1954 3.7645761966705322
1805 3.877448797225952
1954 3.7574446201324463
1805 3.8677573204040527
1954 3.760327100753784
1805 3.8995649814605713
1954 3.756063461303711
1805 3.8633816242218018
1954 3.7627222537994385
1805 3.874659776687622
1954 3.7691848278045654
1805 3.877897262573242
1954 3.7749361991882324
1805 3.8745787143707275
1954 3.773407459259033
1805 3.875368118286133
1954 3.7742726802825928
1805 3.869288444519043
1954 3.7581124305725098
1805 3.879084825515747
1954 3.7592194080352783
1805 3.8658607006073
1954 3.7465641498565674
1805 3.8830885887145996
1954 3.766566753387451
1805 3.877272367477417
1954 3.76017427444458
1805 3.878671884536743
1954 3.764406681060791
1805 3.8758254051208496
1954 3.7578938007354736
1805 3.8765225410461426
1954 3.774028778076172
1805 3.8795266151428223
1954 3.764299154281616
1805 3.8778510093688965
1954 3.767878532409668
1805 3.882307291030884
1954 3.7667105197906494
1805 3.8735430240631104
1954 3.766474485397339
1805 3.903794288635254
1954 3.773162364959717
1805 3.881876230239868
1954 3.775484085083008
1805 3.878614664077759
1954 3.7681941986083984
1805 3.8755602836608887
1954 3.7659213542938232
1805 3.87406587600708
1954 3.7631497383117676
1805 3.8860116004943848
1954 3.7673537731170654
1805 3.8814942836761475
1954 3.7715954780578613
1805 3.873234987258911
1954 3.763596773147583
1805 3.8803555965423584
1954 3.7711751461029053
1805 3.893150568008423
1954 3.767534017562866
1805 3.877053737640381
1954 3.759125232696533
1805 3.870692729949951
1954 3.756347179412842
1805 3.876415491104126
1954 3.7706809043884277
1805 3.8818466663360596
1954 3.7689058780670166
1805 3.8742384910583496
1954 3.769280195236206
1805 3.879035472869873
1954 3.7657110691070557
1805 3.878615379333496
1954 3.7757434844970703
1805 3.8850719928741455
1954 3.774205207824707
1805 3.9074132442474365
1954 3.7608938217163086
1805 3.872148275375366
1954 3.778470754623413
1805 3.8787097930908203
1954 3.7699759006500244
1805 3.8821821212768555
1954 3.7641122341156006
1805 3.880586862564087
1954 3.767016887664795
1805 3.880401134490967
1954 3.7713418006896973
1805 3.8864192962646484
1954 3.7721595764160156
1805 3.8785760402679443
1954 3.7677488327026367
1805 3.8807942867279053
1954 3.775747060775757
1805 3.9062135219573975
1954 3.7642722129821777
1805 3.8797380924224854
1954 3.7664406299591064
1805 3.8775222301483154
1954 3.7700023651123047
1805 3.8736183643341064
1954 3.768833875656128
1805 3.8770158290863037
1954 3.7690980434417725
1805 3.8717753887176514
1954 3.7659430503845215
1805 3.8821165561676025
1954 3.7578611373901367
1805 3.8786497116088867
1954 3.7744898796081543
1805 3.8844566345214844
1954 3.7663698196411133
1805 3.886443614959717
1954 3.776859998703003
1805 3.8838627338409424
1954 3.7751123905181885
1805 3.8852410316467285
1954 3.762566089630127
1805 3.8808250427246094
1954 3.7681238651275635
1805 3.8755552768707275
1954 3.7575879096984863
1805 3.8658230304718018
1954 3.7687885761260986
1805 3.869608163833618
1954 3.768183946609497
1805 3.8782126903533936
1954 3.776944398880005
1805 3.8888847827911377
1954 3.762726068496704
1805 3.894524574279785
1954 3.7760753631591797
1805 3.8761847019195557
1954 3.77104115486145
1805 3.8793840408325195
1954 3.7747743129730225
1805 3.8792941570281982
1954 3.7699830532073975
1805 3.882305145263672
1954 3.7772226333618164
1805 3.880131483078003
1954 3.765052318572998
1805 3.881338119506836
1954 3.7703607082366943
1805 3.879672050476074
1954 3.768817901611328
1805 3.882218360900879
1954 3.7751762866973877
1805 3.890029191970825
1954 3.7687554359436035
1805 3.8878633975982666
1954 3.7691709995269775
1805 3.8740906715393066
1954 3.774332046508789
1805 3.880164384841919
1954 3.7682695388793945
1805 3.8745203018188477
1954 3.774108409881592
1805 3.8830199241638184
1954 3.768989086151123
1805 3.877004861831665
1954 3.7646727561950684
1805 3.8766298294067383
1954 3.771028518676758
1805 3.8776988983154297
1954 3.771766424179077
1805 3.8959450721740723
1954 3.7794315814971924
1805 3.880661964416504
1954 3.7704179286956787
1805 3.8809397220611572
1954 3.771063804626465
1805 3.8759679794311523
1954 3.772953510284424
1805 3.8858556747436523
1954 3.771444082260132
1805 3.8837971687316895
1954 3.7697293758392334
1805 3.8843164443969727
1954 3.771618366241455
1805 3.880119800567627
1954 3.7696564197540283
1805 3.872699737548828
1954 3.77428936958313
1805 3.8956730365753174
1954 3.768714189529419
1805 3.8849689960479736
1954 3.771439790725708
1805 3.8839709758758545
1954 3.7761833667755127
1805 3.8896548748016357
1954 3.7711896896362305
1805 3.8817050457000732
1954 3.7740280628204346
1805 3.889057159423828
1954 3.7668631076812744
1805 3.8833236694335938
1954 3.7676541805267334
1805 3.8800954818725586
1954 3.7678322792053223
1805 3.87823748588562
1954 3.763479709625244
1805 3.8758773803710938
1954 3.7661170959472656
1805 3.8778343200683594
1954 3.7770726680755615
1805 3.884742021560669
1954 3.7741878032684326
1805 3.881223201751709
1954 3.772066354751587
1805 3.886674404144287
1954 3.7675204277038574
1805 3.886993169784546
1954 3.776092052459717
1805 3.8811073303222656
1954 3.7767419815063477
1805 3.891984224319458
1954 3.7740249633789062
1805 3.882716417312622
1954 3.772442102432251
1805 3.880181312561035
1954 3.752260208129883
1805 3.862915515899658
1954 3.7608742713928223
1805 3.8833789825439453
1954 3.781858205795288
1805 3.8756048679351807
1954 3.7640111446380615
1805 3.880985975265503
1954 3.770831823348999
1805 3.869957685470581
1954 3.757291316986084
1805 3.8606433868408203
1954 3.7534408569335938
1805 3.86683988571167
1954 3.762838363647461
1805 3.884380578994751
1954 3.7625789642333984
1805 3.8694911003112793
1954 3.7771236896514893
1805 3.8870975971221924
1954 3.7626848220825195
1805 3.8695178031921387
1954 3.763313055038452
1805 3.87157940864563
1954 3.7602808475494385
1805 3.879309892654419
1954 3.7653005123138428
1805 3.8620998859405518
1954 3.7594516277313232
1805 3.8679726123809814
1954 3.7643845081329346
1805 3.8870694637298584
1954 3.7693917751312256
1805 3.8747808933258057
1954 3.758470058441162
1805 3.8696658611297607
1954 3.7632949352264404
1805 3.871896982192993
1954 3.7541542053222656
1805 3.867279291152954
1954 3.7710940837860107
1805 3.881779193878174
1954 3.777282476425171
1805 3.8826310634613037
1954 3.7756094932556152
1805 3.887796640396118
1954 3.764676570892334
1805 3.879845380783081
1954 3.772460460662842
1805 3.877577543258667
1954 3.7623913288116455
1805 3.874725818634033
1954 3.767700672149658
1805 3.8829257488250732
1954 3.7797365188598633
1805 3.8828723430633545
1954 3.766000509262085
1805 3.8804125785827637
1954 3.767726421356201
1805 3.8791306018829346
1954 3.771623134613037
1805 3.8862006664276123
1954 3.7668445110321045
1805 3.8843066692352295
1954 3.7728869915008545
1805 3.8821685314178467
1954 3.7719032764434814
1805 3.880995750427246
1954 3.7720892429351807
1805 3.8780620098114014
1954 3.7695181369781494
1805 3.8813488483428955
1954 3.777545928955078
1805 3.8823177814483643
1954 3.76755952835083
1805 3.88088321685791
1954 3.767526149749756
1805 3.878633499145508
1954 3.7669730186462402
1805 3.877969741821289
1954 3.78729510307312
1805 3.8911490440368652
1954 3.7644107341766357
1805 3.8795413970947266
1954 3.778665542602539
1805 3.884638786315918
1954 3.7697620391845703
1805 3.8753068447113037
1954 3.7750813961029053
1805 3.8854830265045166
1954 3.772393226623535
1805 3.880902051925659
1954 3.7814149856567383
1805 3.8895394802093506
1954 3.771899938583374
1805 3.8825764656066895
1954 3.772040367126465
1805 3.8802642822265625
1954 3.772087335586548
1805 3.8882644176483154
1954 3.7683820724487305
1805 3.8795080184936523
1954 3.7709856033325195
1805 3.881955623626709
1954 3.7677245140075684
1805 3.876342296600342
1954 3.7742109298706055
1805 3.8774991035461426
1954 3.7705390453338623
1805 3.8793811798095703
1954 3.7661633491516113
1805 3.876837730407715
1954 3.7684621810913086
1805 3.882059335708618
1954 3.765765428543091
1805 3.876556158065796
1954 3.7720894813537598
1805 3.885735034942627
1954 3.772732734680176
1805 3.882751941680908
1954 3.777282238006592
1805 3.8890187740325928
1954 3.7786922454833984
1805 3.886474370956421
1954 3.7721312046051025
1805 3.883500337600708
1954 3.7870306968688965
1805 3.8729310035705566
1954 3.768327236175537
1805 3.8799004554748535
1954 3.779247760772705
1805 3.8882389068603516
1954 3.7657546997070312
1805 3.8683693408966064
1954 3.76820969581604
1805 3.8785150051116943
1954 3.7711923122406006
1805 3.8792665004730225
1954 3.7751047611236572
1805 3.884086847305298
1954 3.7729671001434326
1805 3.8649213314056396
1954 3.7561683654785156
1805 3.8808577060699463
1954 3.7864344120025635
1805 3.877854347229004
1954 3.7739486694335938
1805 3.878788948059082
1954 3.7693333625793457
1805 3.880929708480835
1954 3.7587108612060547
1805 3.875562906265259
1954 3.7774858474731445
1805 3.8763110637664795
1954 3.766399383544922
1805 3.88486647605896
1954 3.7534525394439697
1805 3.872209072113037
1954 3.7636022567749023
1805 3.8713953495025635
1954 3.754970073699951
1805 3.8718740940093994
1954 3.773240327835083
1805 3.869518280029297
1954 3.771803855895996
1805 3.872818946838379
1954 3.7579033374786377
1805 3.8859386444091797
1954 3.764702558517456
1805 3.88602352142334
1954 3.767873764038086
1805 3.891118288040161
1954 3.7617852687835693
1805 3.8828184604644775
1954 3.76107120513916
1805 3.885509967803955
1954 3.763176202774048
1805 3.8892133235931396
1954 3.761104106903076
1805 3.8812882900238037
1954 3.7762482166290283
1805 3.8829779624938965
1954 3.7531230449676514
1805 3.8819351196289062
1954 3.76485013961792
1805 3.8853633403778076
1954 3.76347279548645
1805 3.8671677112579346
1954 3.768803834915161
1805 3.8801136016845703
1954 3.7736897468566895
1805 3.8866007328033447
1954 3.7720675468444824
1805 3.880044937133789
1954 3.780150890350342
1805 3.8892111778259277
1954 3.783541440963745
1805 3.8845326900482178
1954 3.7737884521484375
1805 3.867933988571167
1954 3.762059211730957
1805 3.873623847961426
1954 3.760133743286133
1805 3.871699333190918
1954 3.758939743041992
1805 3.8643620014190674
1954 3.7559633255004883
1805 3.8753550052642822
1954 3.753469944000244
1805 3.8647046089172363
1954 3.7631890773773193
1805 3.8739936351776123
1954 3.7686023712158203
1805 3.8748555183410645
1954 3.757852077484131
1805 3.872607707977295
1954 3.775498867034912
1805 3.868248462677002
1954 3.7731435298919678
1805 3.875584125518799
1954 3.7686760425567627
1805 3.877962589263916
1954 3.7673449516296387
1805 3.8791744709014893
1954 3.760017156600952
1805 3.863929271697998
1954 3.756429672241211
1805 3.863107919692993
1954 3.764944553375244
1805 3.870788335800171
1954 3.7696292400360107
1805 3.877837657928467
1954 3.758776903152466
1805 3.8673553466796875
1954 3.7771618366241455
1805 3.8702244758605957
1954 3.755192995071411
1805 3.8639039993286133
1954 3.7582178115844727
1805 3.8750112056732178
1954 3.7599241733551025
1805 3.865687131881714
1954 3.7628190517425537
1805 3.8765311241149902
1954 3.761622190475464
1805 3.8735744953155518
1954 3.7660365104675293
1805 3.8705756664276123
1954 3.765287160873413
1805 3.874218225479126
1954 3.7584047317504883
1805 3.867933511734009
1954 3.7833199501037598
1805 3.8756327629089355
1954 3.7652623653411865
1805 3.8779683113098145
1954 3.760234832763672
1805 3.872412919998169
1954 3.761464834213257
1805 3.868256092071533
1954 3.7565231323242188
1805 3.870938539505005
1954 3.762584686279297
1805 3.868555784225464
1954 3.758873224258423
1805 3.868924617767334
1954 3.762796640396118
1805 3.8662478923797607
1954 3.7631092071533203
1805 3.8695197105407715
1954 3.76499080657959
1805 3.8671112060546875
1954 3.763282537460327
1805 3.8739426136016846
1954 3.7656004428863525
1805 3.8737637996673584
1954 3.7574198246002197
1805 3.8645803928375244
1954 3.7638227939605713
1805 3.8672046661376953
1954 3.775024652481079
1805 3.872246265411377
1954 3.76409649848938
1805 3.875302791595459
1954 3.7651126384735107
1805 3.8705639839172363
1954 3.7598040103912354
1805 3.8708298206329346
1954 3.779404401779175
1805 3.878838539123535
1954 3.761472702026367
1805 3.8742570877075195
1954 3.765608072280884
1805 3.872485637664795
1954 3.771057605743408
1805 3.876617908477783
1954 3.7662155628204346
1805 3.8813188076019287
1954 3.7744998931884766
1805 3.877413272857666
1954 3.7741434574127197
1805 3.8786072731018066
1954 3.776878595352173
1805 3.8816916942596436
1954 3.774949789047241
1805 3.8772900104522705
1954 3.77685284614563
1805 3.8890750408172607
1954 3.7691822052001953
1805 3.877805709838867
1954 3.776712656021118
1805 3.89207124710083
1954 3.774350881576538
1805 3.885477304458618
1954 3.7748830318450928
1805 3.877772092819214
1954 3.7840464115142822
1805 3.8854331970214844
1954 3.769495725631714
1805 3.881348133087158
1954 3.7768023014068604
1805 3.8894875049591064
1954 3.774439573287964
1805 3.8861494064331055
1954 3.7749881744384766
1805 3.8785083293914795
1954 3.778045654296875
1805 3.882296562194824
1954 3.7731971740722656
1805 3.890808343887329
1954 3.7834885120391846
1805 3.8945653438568115
1954 3.76560378074646
1805 3.886988401412964
1954 3.773747682571411
1805 3.886029005050659
1954 3.762457847595215
1805 3.878080368041992
1954 3.769883394241333
1805 3.8779847621917725
1954 3.7751669883728027
1805 3.885284662246704
1954 3.7734744548797607
1805 3.8829023838043213
1954 3.777545690536499
1805 3.888418197631836
1954 3.7730321884155273
1805 3.8805673122406006
1954 3.774449348449707
1805 3.8856701850891113
1954 3.7706639766693115
1805 3.8795549869537354
1954 3.784903049468994
1805 3.8868606090545654
1954 3.776137351989746
1805 3.8928616046905518
1954 3.773075580596924
1805 3.885802984237671
1954 3.776555299758911
1805 3.8852698802948
1954 3.772181272506714
1805 3.8862626552581787
1954 3.779677391052246
1805 3.888401746749878
1954 3.77215576171875
1805 3.887070417404175
1954 3.772233009338379
1805 3.8832688331604004
1954 3.7798662185668945
1805 3.892299175262451
1954 3.778789520263672
1805 3.8916971683502197
1954 3.777797222137451
1805 3.887606620788574
1954 3.76556396484375
1805 3.875441789627075
1954 3.7706120014190674
1805 3.8832249641418457
1954 3.7729504108428955
1805 3.8879449367523193
1954 3.7686030864715576
1805 3.8783352375030518
1954 3.7544548511505127
1805 3.867316961288452
1954 3.7566542625427246
1805 3.8701281547546387
1954 3.751157522201538
1805 3.8689541816711426
1954 3.771592855453491
1805 3.87270450592041
1954 3.7640578746795654
1805 3.875225067138672
1954 3.762850046157837
1805 3.8731555938720703
1954 3.766056537628174
1805 3.8776588439941406
1954 3.7566776275634766
1805 3.870434045791626
1954 3.754692792892456
1805 3.867755651473999
1954 3.7622623443603516
1805 3.870762825012207
1954 3.766249895095825
1805 3.873293399810791
1954 3.754199981689453
1805 3.8731014728546143
1954 3.768315315246582
1805 3.8791122436523438
1954 3.7654123306274414
1805 3.872575521469116
1954 3.7611780166625977
1805 3.87117075920105
1954 3.7628109455108643
1805 3.871237277984619
1954 3.7547287940979004
1805 3.867387533187866
1954 3.7593507766723633
1805 3.8713650703430176
1954 3.759387731552124
1805 3.8695273399353027
1954 3.7588274478912354
1805 3.8673295974731445
1954 3.7570786476135254
1805 3.8682615756988525
1954 3.756601572036743
1805 3.8673176765441895
1954 3.761151075363159
1805 3.8687820434570312
1954 3.760695695877075
1805 3.8744289875030518
1954 3.7607593536376953
1805 3.871406078338623
1954 3.7599852085113525
1805 3.8836894035339355
1954 3.7553882598876953
1805 3.86830472946167
1954 3.7665469646453857
1805 3.8750972747802734
1954 3.769544839859009
1805 3.8770902156829834
1954 3.7685749530792236
1805 3.881632089614868
1954 3.772273302078247
1805 3.881080150604248
1954 3.7763850688934326
1805 3.885221242904663
1954 3.7716400623321533
1805 3.884758949279785
1954 3.7741799354553223
1805 3.8854286670684814
1954 3.770700454711914
1805 3.899386167526245
1954 3.769320011138916
1805 3.8817532062530518
1954 3.765026092529297
1805 3.883760690689087
1954 3.772554636001587
1805 3.887700319290161
1954 3.769146203994751
1805 3.879624366760254
1954 3.78652024269104
1805 3.8751423358917236
1954 3.7767438888549805
1805 3.8882393836975098
1954 3.7755908966064453
1805 3.8938632011413574
1954 3.768857717514038
1805 3.8829281330108643
1954 3.775130271911621
1805 3.8954763412475586
1954 3.771732807159424
1805 3.887197256088257
1954 3.7701661586761475
1805 3.8769819736480713
1954 3.775524854660034
1805 3.8817598819732666
1954 3.7627639770507812
1805 3.870798349380493
1954 3.7673611640930176
1805 3.8789243698120117
1954 3.7658495903015137
1805 3.8810126781463623
1954 3.767758846282959
1805 3.887723207473755
1954 3.7726120948791504
1805 3.8766465187072754
1954 3.766479015350342
1805 3.903759002685547
1954 3.77280855178833
1805 3.8829362392425537
1954 3.7677559852600098
1805 3.8810982704162598
1954 3.758716344833374
1805 3.8656060695648193
1954 3.7635135650634766
1805 3.8774802684783936
1954 3.760183095932007
1805 3.8676860332489014
1954 3.7540781497955322
1805 3.8654842376708984
1954 3.7583982944488525
1805 3.8719446659088135
1954 3.757695436477661
1805 3.8757450580596924
1954 3.757201910018921
1805 3.881621837615967
1954 3.7542781829833984
1805 3.868349075317383
1954 3.749741554260254
1805 3.8643314838409424
1954 3.7644758224487305
1805 3.863724708557129
1954 3.7574260234832764
1805 3.8690202236175537
1954 3.759152412414551
1805 3.873119831085205
1954 3.7590506076812744
1805 3.8688700199127197
1954 3.761892795562744
1805 3.8742167949676514
1954 3.7558600902557373
1805 3.866318702697754
1954 3.772156238555908
1805 3.88908052444458
1954 3.759783983230591
1805 3.8622961044311523
1954 3.752964735031128
1805 3.8613157272338867
1954 3.7605035305023193
1805 3.871835470199585
1954 3.7562265396118164
1805 3.869370222091675
1954 3.7551493644714355
1805 3.8636109828948975
1954 3.7619876861572266
1805 3.8712100982666016
1954 3.753744125366211
1805 3.8694863319396973
1954 3.75955867767334
1805 3.865837335586548
1954 3.7551774978637695
1805 3.890800714492798
1954 3.759664297103882
1805 3.8636341094970703
1954 3.762467861175537
1805 3.867365837097168
1954 3.7614266872406006
1805 3.8670120239257812
1954 3.7722675800323486
1805 3.8845677375793457
1954 3.7514405250549316
1805 3.870011806488037
1954 3.761033296585083
1805 3.864607095718384
1954 3.754979372024536
1805 3.8723032474517822
1954 3.7577717304229736
1805 3.8708770275115967
1954 3.761160373687744
1805 3.8832101821899414
1954 3.767570734024048
1805 3.875581741333008
1954 3.7572412490844727
1805 3.873764991760254
1954 3.759779214859009
1805 3.869713306427002
1954 3.7588484287261963
1805 3.861809015274048
1954 3.768226146697998
1805 3.884263753890991
1954 3.754678726196289
1805 3.8740200996398926
1954 3.7820188999176025
1805 3.89042329788208
1954 3.772372245788574
1805 3.8774213790893555
1954 3.7519290447235107
1805 3.863250732421875
1954 3.762876510620117
1805 3.8739206790924072
1954 3.7617385387420654
1805 3.872680902481079
1954 3.764561653137207
1805 3.8646063804626465
1954 3.750194787979126
1805 3.865255832672119
1954 3.752523899078369
1805 3.867804527282715
1954 3.7650578022003174
1805 3.878188133239746
1954 3.7554709911346436
1805 3.8679656982421875
1954 3.7788984775543213
1805 3.888303518295288
1954 3.7808008193969727
1805 3.889303684234619
1954 3.7719082832336426
1805 3.8866758346557617
1954 3.7685418128967285
1805 3.878882646560669
1954 3.7712366580963135
1805 3.884002447128296
1954 3.768267869949341
1805 3.879732370376587
1954 3.774202823638916
1805 3.887702226638794
1954 3.7662973403930664
1805 3.8743913173675537
1954 3.774585723876953
1805 3.885478973388672
1954 3.772486686706543
1805 3.87803053855896
1954 3.7739033699035645
1805 3.880868911743164
1954 3.7742362022399902
1805 3.87853741645813
1954 3.768362045288086
1805 3.884722948074341
1954 3.7757062911987305
1805 3.8828535079956055
1954 3.771432876586914
1805 3.8809800148010254
1954 3.774597406387329
1805 3.884557008743286
1954 3.76932692527771
1805 3.8771626949310303
1954 3.7691612243652344
1805 3.8730571269989014
1954 3.7805356979370117
1805 3.8864028453826904
1954 3.772726058959961
1805 3.8815598487854004
1954 3.771970510482788
1805 3.880661964416504
1954 3.769336223602295
1805 3.8775084018707275
1954 3.763258934020996
1805 3.886305332183838
1954 3.7700212001800537
1805 3.881009101867676
1954 3.777329444885254
1805 3.8814761638641357
1954 3.7683353424072266
1805 3.8815486431121826
1954 3.7762765884399414
1805 3.8835060596466064
1954 3.7762389183044434
1805 3.8830602169036865
1954 3.783334970474243
1805 3.900761127471924
1954 3.7799227237701416
1805 3.887638807296753
1954 3.7726287841796875
1805 3.8800034523010254
1954 3.7701821327209473
1805 3.88769268989563
1954 3.7756731510162354
1805 3.883868932723999
1954 3.76999568939209
1805 3.883995532989502
1954 3.768378973007202
1805 3.8821773529052734
1954 3.7814459800720215
1805 3.8909008502960205
1954 3.7786576747894287
1805 3.881758213043213
1954 3.767369270324707
1805 3.8764634132385254
1954 3.7856204509735107
1805 3.890665054321289
1954 3.77083158493042
1805 3.8839902877807617
1954 3.7738759517669678
1805 3.885903835296631
1954 3.7720625400543213
1805 3.8877134323120117
1954 3.771167516708374
1805 3.883993625640869
1954 3.7750601768493652
1805 3.8934946060180664
1954 3.7635421752929688
1805 3.872436285018921
1954 3.7714474201202393
1805 3.8845229148864746
1954 3.768186092376709
1805 3.8825314044952393
1954 3.76912784576416
1805 3.886199474334717
1954 3.779071807861328
1805 3.88580322265625
1954 3.7688186168670654
1805 3.884549856185913
1954 3.776498556137085
1805 3.878655195236206
1954 3.784764051437378
1805 3.899460792541504
1954 3.770322799682617
1805 3.883328914642334
1954 3.771697759628296
1805 3.886587142944336
1954 3.777061939239502
1805 3.875997304916382
1954 3.7667033672332764
1805 3.881791353225708
1954 3.76995587348938
1805 3.8743021488189697
1954 3.7743444442749023
1805 3.8795926570892334
1954 3.7684104442596436
1805 3.8800714015960693
1954 3.769890069961548
1805 3.8826396465301514
1954 3.768665313720703
1805 3.8875885009765625
1954 3.7716658115386963
1805 3.8816401958465576
1954 3.771435260772705
1805 3.8743669986724854
1954 3.772319793701172
1805 3.8812646865844727
1954 3.7811527252197266
1805 3.886544704437256
1954 3.7758796215057373
1805 3.8891103267669678
1954 3.773479461669922
1805 3.885133743286133
1954 3.7655670642852783
1805 3.8818984031677246
1954 3.7734081745147705
1805 3.881613254547119
1954 3.7669434547424316
1805 3.8838143348693848
1954 3.763986587524414
1805 3.879270553588867
1954 3.774073362350464
1805 3.884237051010132
1954 3.7690341472625732
1805 3.881359815597534
1954 3.7672781944274902
1805 3.876924753189087
1954 3.7705299854278564
1805 3.879088878631592
1954 3.773057699203491
1805 3.8856844902038574
1954 3.7668344974517822
1805 3.8918826580047607
1954 3.7713592052459717
1805 3.876920223236084
1954 3.7624738216400146
1805 3.8913276195526123
1954 3.7590253353118896
1805 3.868974447250366
1954 3.778193235397339
1805 3.884042501449585
1954 3.771009922027588
1805 3.8809988498687744
1954 3.766044855117798
1805 3.879960536956787
1954 3.7825965881347656
1805 3.8849306106567383
1954 3.7726638317108154
1805 3.8867061138153076
1954 3.768054723739624
1805 3.886521816253662
1954 3.7729172706604004
1805 3.8829662799835205
1954 3.7661495208740234
1805 3.881183624267578
1954 3.770831823348999
1805 3.884397268295288
1954 3.7723474502563477
1805 3.8901805877685547
1954 3.778540849685669
1805 3.881356716156006
1954 3.7756154537200928
1805 3.883753538131714
1954 3.7823164463043213
1805 3.883725881576538
1954 3.7736940383911133
1805 3.879960775375366
1954 3.7550277709960938
1805 3.8759446144104004
1954 3.772935152053833
1805 3.8883063793182373
1954 3.7701590061187744
1805 3.885049819946289
1954 3.7698583602905273
1805 3.8749122619628906
1954 3.7748539447784424
1805 3.887237071990967
1954 3.775233268737793
1805 3.885801315307617
1954 3.7789194583892822
1805 3.8918612003326416
1954 3.796442747116089
1805 3.8928539752960205
1954 3.7642719745635986
1805 3.8751657009124756
1954 3.761174201965332
1805 3.86883282661438
1954 3.764340400695801
1805 3.875507354736328
1954 3.766108512878418
1805 3.868286609649658
1954 3.76320743560791
1805 3.8718135356903076
1954 3.7623274326324463
1805 3.873051404953003
1954 3.7616045475006104
1805 3.8764808177948
1954 3.76666259765625
1805 3.8774218559265137
1954 3.7735648155212402
1805 3.876110315322876
1954 3.7588305473327637
1805 3.8762564659118652
1954 3.764479160308838
1805 3.8789544105529785
1954 3.757328510284424
1805 3.870105028152466
1954 3.759417772293091
1805 3.8803937435150146
1954 3.7872066497802734
1805 3.890920400619507
1954 3.761781692504883
1805 3.872082233428955
1954 3.7700610160827637
1805 3.8786048889160156
1954 3.7763497829437256
1805 3.892162799835205
1954 3.7832999229431152
1805 3.893143653869629
1954 3.769301414489746
1805 3.8791635036468506
1954 3.7753872871398926
1805 3.8830645084381104
1954 3.7709004878997803
1805 3.884323835372925
1954 3.771583318710327
1805 3.8879292011260986
1954 3.7818825244903564
1805 3.8850090503692627
1954 3.765608072280884
1805 3.874011754989624
1954 3.7701051235198975
1805 3.883655309677124
1954 3.777838945388794
1805 3.888051748275757
1954 3.804022789001465
1805 3.892448663711548
1954 3.7815654277801514
1805 3.886321783065796
1954 3.771988868713379
1805 3.886910915374756
1954 3.7737905979156494
1805 3.883099317550659
1954 3.7694923877716064
1805 3.880739212036133
1954 3.7727999687194824
1805 3.884333848953247
1954 3.7736923694610596
1805 3.879289150238037
1954 3.7781851291656494
1805 3.8829972743988037
1954 3.772916078567505
1805 3.884420394897461
1954 3.7892141342163086
1805 3.8845114707946777
1954 3.7756643295288086
1805 3.88761305809021
1954 3.772757053375244
1805 3.8863344192504883
1954 3.773716449737549
1805 3.8813323974609375
1954 3.7736334800720215
1805 3.881347417831421
1954 3.769216775894165
1805 3.8879342079162598
1954 3.7726552486419678
1805 3.885855197906494
1954 3.7800588607788086
1805 3.884140729904175
1954 3.77542781829834
1805 3.8854212760925293
1954 3.7888903617858887
1805 3.8908464908599854
1954 3.776906967163086
1805 3.884719133377075
1954 3.7784392833709717
1805 3.898059368133545
1954 3.767025947570801
1805 3.881816864013672
1954 3.7801287174224854
1805 3.887586832046509
1954 3.7799439430236816
1805 3.8874096870422363
1954 3.77370285987854
1805 3.8862578868865967
1954 3.7790229320526123
1805 3.880397319793701
1954 3.769700765609741
1805 3.8873751163482666
1954 3.78410005569458
1805 3.8777623176574707
1954 3.77085280418396
1805 3.883976459503174
1954 3.7696614265441895
1805 3.879560708999634
1954 3.775416135787964
1805 3.885977268218994
1954 3.777249336242676
1805 3.887850046157837
1954 3.7721831798553467
1805 3.8839499950408936
1954 3.7721188068389893
1805 3.883307695388794
1954 3.778019428253174
1805 3.8907172679901123
1954 3.7805278301239014
1805 3.8850364685058594
1954 3.795474052429199
1805 3.892772912979126
1954 3.782457113265991
1805 3.889535427093506
1954 3.774371385574341
1805 3.8896501064300537
1954 3.7708687782287598
1805 3.887824535369873
1954 3.7718000411987305
1805 3.8845603466033936
1954 3.7816030979156494
1805 3.8848154544830322
1954 3.770986795425415
1805 3.8786470890045166
1954 3.7701222896575928
1805 3.8836495876312256
1954 3.7707414627075195
1805 3.8813376426696777
1954 3.7958109378814697
1805 3.8919858932495117
1954 3.77042818069458
1805 3.8827733993530273
1954 3.773296356201172
1805 3.88242244720459
1954 3.7791848182678223
1805 3.8886101245880127
1954 3.775057554244995
1805 3.8836913108825684
1954 3.784069538116455
1805 3.8924593925476074
1954 3.7798428535461426
1805 3.8846688270568848
1954 3.772019147872925
1805 3.8885693550109863
1954 3.7728986740112305
1805 3.8821346759796143
1954 3.78391695022583
1805 3.8863441944122314
1954 3.7701756954193115
1805 3.877572774887085
1954 3.769770622253418
1805 3.8799750804901123
1954 3.7732625007629395
1805 3.8884878158569336
1954 3.777721881866455
1805 3.8905556201934814
1954 3.7708144187927246
1805 3.8810842037200928
1954 3.7750518321990967
1805 3.890551805496216
1954 3.7718474864959717
1805 3.8838188648223877
1954 3.76168155670166
1805 3.8775312900543213
1954 3.7855329513549805
1805 3.8839595317840576
1954 3.77233624458313
1805 3.882542848587036
1954 3.7692677974700928
1805 3.8809497356414795
1954 3.7767069339752197
1805 3.8917415142059326
1954 3.7753806114196777
1805 3.8795714378356934
1954 3.7701172828674316
1805 3.8847177028656006
1954 3.7715671062469482
1805 3.882366180419922
1954 3.7832839488983154
1805 3.8942723274230957
1954 3.769327163696289
1805 3.8808953762054443
1954 3.78415846824646
1805 3.881518840789795
1954 3.7742018699645996
1805 3.8849079608917236
1954 3.769803285598755
1805 3.8870623111724854
1954 3.7696995735168457
1805 3.878089666366577
1954 3.763491153717041
1805 3.88702130317688
1954 3.764678716659546
1805 3.870471477508545
1954 3.763246536254883
1805 3.8647117614746094
1954 3.7574257850646973
1805 3.8686296939849854
1954 3.755255699157715
1805 3.86895751953125
1954 3.7591805458068848
1805 3.869553565979004
1954 3.7596004009246826
1805 3.870873212814331
1954 3.757357120513916
1805 3.8708949089050293
1954 3.7579431533813477
1805 3.8689351081848145
1954 3.7624053955078125
1805 3.867828607559204
1954 3.761255979537964
1805 3.8745973110198975
1954 3.7782227993011475
1805 3.891040563583374
1954 3.759514570236206
1805 3.8743672370910645
1954 3.7699134349823
1805 3.8843281269073486
1954 3.7751388549804688
1805 3.885999917984009
1954 3.7733066082000732
1805 3.884477376937866
1954 3.7732486724853516
1805 3.887650966644287
1954 3.766197443008423
1805 3.8808517456054688
1954 3.7727205753326416
1805 3.883073329925537
1954 3.7690298557281494
1805 3.885309934616089
1954 3.7730727195739746
1805 3.882131338119507
1954 3.7718288898468018
1805 3.881216526031494
1954 3.7722578048706055
1805 3.886378765106201
1954 3.771057605743408
1805 3.8820130825042725
1954 3.7757785320281982
1805 3.883693218231201
1954 3.7650907039642334
1805 3.8846051692962646
1954 3.7778947353363037
1805 3.881340742111206
1954 3.76760196685791
1805 3.8817505836486816
1954 3.7680442333221436
1805 3.8824830055236816
1954 3.77408504486084
1805 3.88757061958313
1954 3.7694897651672363
1805 3.881908655166626
1954 3.774378538131714
1805 3.8837668895721436
1954 3.7812206745147705
1805 3.887086868286133
1954 3.7630038261413574
1805 3.8743884563446045
1954 3.769371509552002
1805 3.8853542804718018
1954 3.7759780883789062
1805 3.8815407752990723
1954 3.770641803741455
1805 3.8815300464630127
1954 3.7719404697418213
1805 3.879538059234619
1954 3.7730085849761963
1805 3.887784957885742
1954 3.770512104034424
1805 3.8854868412017822
1954 3.7751266956329346
1805 3.8917698860168457
1954 3.7753400802612305
1805 3.885864734649658
1954 3.770325183868408
1805 3.889444589614868
1954 3.7608165740966797
1805 3.8812289237976074
1954 3.78104305267334
1805 3.8942036628723145
1954 3.7637860774993896
1805 3.880195140838623
1954 3.77996563911438
1805 3.886850118637085
1954 3.778341293334961
1805 3.8897457122802734
1954 3.7749712467193604
1805 3.8900084495544434
1954 3.769310474395752
1805 3.8805129528045654
1954 3.77205228805542
1805 3.8875765800476074
1954 3.7692973613739014
1805 3.882542371749878
1954 3.761688470840454
1805 3.879241704940796
1954 3.771929979324341
1805 3.8833770751953125
1954 3.7652506828308105
1805 3.8861382007598877
1954 3.774202823638916
1805 3.8870012760162354
1954 3.7734763622283936
1805 3.887051820755005
1954 3.766324281692505
1805 3.882261037826538
1954 3.774047613143921
1805 3.888728380203247
1954 3.7691104412078857
1805 3.8847312927246094
1954 3.778885841369629
1805 3.886772632598877
1954 3.774029016494751
1805 3.8885912895202637
1954 3.7722818851470947
1805 3.8780620098114014
1954 3.758908987045288
1805 3.872960329055786
1954 3.770073890686035
1805 3.8777995109558105
1954 3.7651784420013428
1805 3.877549648284912
1954 3.76788592338562
1805 3.881894588470459
1954 3.757493019104004
1805 3.8732850551605225
1954 3.7711236476898193
1805 3.898239850997925
1954 3.7672340869903564
1805 3.8732008934020996
1954 3.7570176124572754
1805 3.8722541332244873
1954 3.7594492435455322
1805 3.8672232627868652
1954 3.7603566646575928
1805 3.877199649810791
1954 3.7619175910949707
1805 3.8746144771575928
1954 3.7634613513946533
1805 3.868180990219116
1954 3.7604405879974365
1805 3.8686885833740234
1954 3.7618348598480225
1805 3.874454975128174
1954 3.7620465755462646
1805 3.8950326442718506
1954 3.7576353549957275
1805 3.873648166656494
1954 3.7575175762176514
1805 3.8681228160858154
1954 3.7616400718688965
1805 3.8723862171173096
1954 3.7643802165985107
1805 3.875220775604248
1954 3.7687735557556152
1805 3.878901243209839
1954 3.7568881511688232
1805 3.8674092292785645
1954 3.762096881866455
1805 3.8779454231262207
1954 3.76485276222229
1805 3.8760569095611572
1954 3.762467861175537
1805 3.894404411315918
1954 3.764968156814575
1805 3.8713297843933105
1954 3.7589335441589355
1805 3.8719635009765625
1954 3.756974697113037
1805 3.8696982860565186
1954 3.7611188888549805
1805 3.871844530105591
1954 3.7572484016418457
1805 3.869211196899414
1954 3.755748987197876
1805 3.874552011489868
1954 3.7649643421173096
1805 3.8711509704589844
1954 3.7624361515045166
1805 3.881152391433716
1954 3.7607672214508057
1805 3.892261028289795
1954 3.7716660499572754
1805 3.8837497234344482
1954 3.7822377681732178
1805 3.8876757621765137
1954 3.777175188064575
1805 3.887144088745117
1954 3.769554615020752
1805 3.8804931640625
1954 3.7795052528381348
1805 3.897146701812744
1954 3.772197723388672
1805 3.8809895515441895
1954 3.7754063606262207
1805 3.88885235786438
1954 3.7707948684692383
1805 3.882103204727173
1954 3.771347999572754
1805 3.8936655521392822
1954 3.778876781463623
1805 3.8861894607543945
1954 3.782644271850586
1805 3.893578052520752
1954 3.781358003616333
1805 3.891512870788574
1954 3.7754011154174805
1805 3.8861706256866455
1954 3.7681262493133545
1805 3.881840229034424
1954 3.7736575603485107
1805 3.882272720336914
1954 3.780327796936035
1805 3.893120527267456
1954 3.7745578289031982
1805 3.8833370208740234
1954 3.772322177886963
1805 3.900695323944092
1954 3.779932975769043
1805 3.88443660736084
1954 3.7763679027557373
1805 3.889143705368042
1954 3.7827510833740234
1805 3.890864849090576
1954 3.7718405723571777
1805 3.8802947998046875
1954 3.76719069480896
1805 3.884613513946533
1954 3.7774295806884766
1805 3.8901758193969727
1954 3.7748281955718994
1805 3.8825771808624268
1954 3.7649800777435303
1805 3.8866679668426514
1954 3.7696776390075684
1805 3.8883724212646484
1954 3.77482008934021
1805 3.8824169635772705
1954 3.7760469913482666
1805 3.880695343017578
1954 3.780466318130493
1805 3.8993046283721924
1954 3.7752931118011475
1805 3.885552167892456
1954 3.778442621231079
1805 3.885699510574341
1954 3.767794609069824
1805 3.8808979988098145
1954 3.7679684162139893
1805 3.880798101425171
1954 3.7782466411590576
1805 3.8766028881073
1954 3.7767512798309326
1805 3.896109104156494
1954 3.773679256439209
1805 3.8793835639953613
1954 3.7650840282440186
1805 3.8785927295684814
1954 3.7792131900787354
1805 3.889000654220581
1954 3.775921583175659
1805 3.8890938758850098
1954 3.776427745819092
1805 3.8832645416259766
1954 3.7732369899749756
1805 3.8810529708862305
1954 3.769529342651367
1805 3.877096652984619
1954 3.7719380855560303
1805 3.8786394596099854
1954 3.7669150829315186
1805 3.9016852378845215
1954 3.773089647293091
1805 3.88310170173645
1954 3.7678165435791016
1805 3.8787076473236084
1954 3.7694294452667236
1805 3.8869259357452393
1954 3.7782680988311768
1805 3.893730878829956
1954 3.774496555328369
1805 3.891099214553833
1954 3.780456066131592
1805 3.8825583457946777
1954 3.7647387981414795
1805 3.8786916732788086
1954 3.7672877311706543
1805 3.874225378036499
1954 3.7587883472442627
1805 3.8865935802459717
1954 3.7640891075134277
1805 3.8724377155303955
1954 3.7588391304016113
1805 3.8718650341033936
1954 3.760571002960205
1805 3.868701934814453
1954 3.7688026428222656
1805 3.878016471862793
1954 3.779160261154175
1805 3.8833723068237305
1954 3.771620035171509
1805 3.8829033374786377
1954 3.781428813934326
1805 3.8892054557800293
1954 3.772566795349121
1805 3.8859360218048096
1954 3.774218797683716
1805 3.900489330291748
1954 3.770355224609375
1805 3.886488676071167
1954 3.7756154537200928
1805 3.8808798789978027
1954 3.77659010887146
1805 3.894029140472412
1954 3.769798994064331
1805 3.8809032440185547
1954 3.7762134075164795
1805 3.8822429180145264
1954 3.77419376373291
1805 3.8848276138305664
1954 3.77864408493042
1805 3.8862295150756836
1954 3.7837729454040527
1805 3.888073205947876
1954 3.77374267578125
1805 3.9015614986419678
1954 3.7659952640533447
1805 3.876563310623169
1954 3.7677128314971924
1805 3.8887431621551514
1954 3.774456024169922
1805 3.8895978927612305
1954 3.76875376701355
1805 3.880394697189331
1954 3.776707887649536
1805 3.895236015319824
1954 3.7758431434631348
1805 3.8875300884246826
1954 3.7699167728424072
1805 3.888719320297241
1954 3.7785446643829346
1805 3.8915152549743652
1954 3.772010326385498
1805 3.8943142890930176
1954 3.8318865299224854
1805 3.8820505142211914
1954 3.768706798553467
1805 3.8853759765625
1954 3.7748372554779053
1805 3.883289337158203
1954 3.7753190994262695
1805 3.884812355041504
1954 3.7740936279296875
1805 3.8805837631225586
1954 3.777933120727539
1805 3.8890247344970703
1954 3.775531768798828
1805 3.886974334716797
1954 3.7810094356536865
1805 3.888354539871216
1954 3.776482105255127
1805 3.9059066772460938
1954 3.7828450202941895
1805 3.8912298679351807
1954 3.778841257095337
1805 3.886457920074463
1954 3.772005796432495
1805 3.8882033824920654
1954 3.775010585784912
1805 3.8882620334625244
1954 3.770820379257202
1805 3.8856613636016846
1954 3.776045322418213
1805 3.8856449127197266
1954 3.772134304046631
1805 3.8866515159606934
1954 3.77534556388855
1805 3.884244441986084
1954 3.7740073204040527
1805 3.8896446228027344
1954 3.7781777381896973
1805 3.8910982608795166
1954 3.7794477939605713
1805 3.8898956775665283
1954 3.7785913944244385
1805 3.8935909271240234
1954 3.776672840118408
1805 3.8843133449554443
1954 3.7705190181732178
1805 3.886078119277954
1954 3.7715063095092773
1805 3.8901991844177246
1954 3.7745211124420166
1805 3.8858091831207275
1954 3.783850908279419
1805 3.8883416652679443
1954 3.7616145610809326
1805 3.8636834621429443
1954 3.7717273235321045
1805 3.880960464477539
1954 3.774897336959839
1805 3.8837006092071533
1954 3.7722907066345215
1805 3.8868162631988525
1954 3.7737135887145996
1805 3.884631633758545
1954 3.7742655277252197
1805 3.8909523487091064
1954 3.7624881267547607
1805 3.8733136653900146
1954 3.7694809436798096
1805 3.8822453022003174
1954 3.7801339626312256
1805 3.8869431018829346
1954 3.770808458328247
1805 3.887636423110962
1954 3.7718286514282227
1805 3.8797125816345215
1954 3.7770941257476807
1805 3.886535882949829
1954 3.777723789215088
1805 3.8864352703094482
1954 3.774198055267334
1805 3.882819890975952
1954 3.7758381366729736
1805 3.888484239578247
1954 3.7681267261505127
1805 3.881833076477051
1954 3.769038677215576
1805 3.881101369857788
1954 3.7828176021575928
1805 3.8888611793518066
1954 3.78342342376709
1805 3.8881261348724365
1954 3.7776951789855957
1805 3.8943657875061035
1954 3.778665542602539
1805 3.8864731788635254
1954 3.776428699493408
1805 3.8943655490875244
1954 3.77801513671875
1805 3.8845603466033936
1954 3.776125431060791
1805 3.8936166763305664
1954 3.7817115783691406
1805 3.8898093700408936
1954 3.772547483444214
1805 3.8912060260772705
1954 3.7768430709838867
1805 3.880899429321289
1954 3.775829553604126
1805 3.893641233444214
1954 3.7833173274993896
1805 3.8821964263916016
1954 3.779324769973755
1805 3.8900113105773926
1954 3.773224115371704
1805 3.8851120471954346
1954 3.7766225337982178
1805 3.8895394802093506
1954 3.777733087539673
1805 3.8863470554351807
1954 3.781235456466675
1805 3.888432741165161
1954 3.779656171798706
1805 3.8825833797454834
1954 3.7719128131866455
1805 3.88150691986084
1954 3.7629246711730957
1805 3.883986711502075
1954 3.7766809463500977
1805 3.8950822353363037
1954 3.7713069915771484
1805 3.8870065212249756
1954 3.7747862339019775
1805 3.883180618286133
1954 3.7763357162475586
1805 3.8822977542877197
1954 3.7778756618499756
1805 3.893923282623291
1954 3.7760114669799805
1805 3.886552095413208
1954 3.7877886295318604
1805 3.895268201828003
1954 3.779132843017578
1805 3.886629104614258
1954 3.775967836380005
1805 3.882160186767578
1954 3.7728068828582764
1805 3.884673833847046
1954 3.780190944671631
1805 3.8848328590393066
1954 3.7685964107513428
1805 3.884669303894043
1954 3.7742762565612793
1805 3.881330966949463
1954 3.771872043609619
1805 3.879229784011841
1954 3.773671865463257
1805 3.8821613788604736
1954 3.778057813644409
1805 3.8865630626678467
1954 3.782444715499878
1805 3.884514331817627
1954 3.7737040519714355
1805 3.8875534534454346
1954 3.7806830406188965
1805 3.891105890274048
1954 3.77435302734375
1805 3.886162281036377
1954 3.777827501296997
1805 3.8919003009796143
1954 3.7833704948425293
1805 3.8885841369628906
1954 3.777580976486206
1805 3.880662679672241
1954 3.7732155323028564
1805 3.8776469230651855
1954 3.7776753902435303
1805 3.888261079788208
1954 3.7835910320281982
1805 3.8914101123809814
1954 3.7803282737731934
1805 3.8892786502838135
1954 3.7758350372314453
1805 3.883507490158081
1954 3.7718329429626465
1805 3.8794639110565186
1954 3.7769546508789062
1805 3.8815059661865234
1954 3.776686668395996
1805 3.885221004486084
1954 3.7743117809295654
1805 3.890388011932373
1954 3.776362657546997
1805 3.885941743850708
1954 3.7735657691955566
1805 3.8844382762908936
1954 3.774839401245117
1805 3.8810312747955322
1954 3.7767229080200195
1805 3.8845486640930176
1954 3.7752044200897217
1805 3.8843235969543457
1954 3.776047945022583
1805 3.882902145385742
1954 3.7720751762390137
1805 3.8933308124542236
1954 3.7730185985565186
1805 3.8796260356903076
1954 3.7785284519195557
1805 3.897047996520996
1954 3.780928134918213
1805 3.894383430480957
1954 3.7804129123687744
1805 3.887990713119507
1954 3.7713887691497803
1805 3.881016254425049
1954 3.775721788406372
1805 3.8901195526123047
1954 3.7730045318603516
1805 3.884108066558838
1954 3.7808845043182373
1805 3.888991594314575
1954 3.775327682495117
1805 3.8871490955352783
1954 3.786025285720825
1805 3.8887717723846436
1954 3.7709622383117676
1805 3.8917155265808105
1954 3.782771110534668
1805 3.8850390911102295
1954 3.780885934829712
1805 3.892545700073242
1954 3.778810739517212
1805 3.8902223110198975
1954 3.774484872817993
1805 3.8903088569641113
1954 3.7843117713928223
1805 3.896268367767334
1954 3.7755143642425537
1805 3.8880820274353027
1954 3.7842350006103516
1805 3.890733480453491
1954 3.78908109664917
1805 3.9004552364349365
1954 3.7904462814331055
1805 3.8962020874023438
1954 3.7836010456085205
1805 3.887406826019287
1954 3.773585557937622
1805 3.8848087787628174
1954 3.7794997692108154
1805 3.8880438804626465
1954 3.7804417610168457
1805 3.884207248687744
1954 3.7741241455078125
1805 3.8817625045776367
1954 3.7793641090393066
1805 3.8858649730682373
1954 3.7662949562072754
1805 3.87954044342041
1954 3.7813382148742676
1805 3.8876895904541016
1954 3.7809596061706543
1805 3.897679567337036
1954 3.782423257827759
1805 3.8916430473327637
1954 3.7813215255737305
1805 3.891202449798584
1954 3.782139301300049
1805 3.889087200164795
1954 3.7861030101776123
1805 3.8943371772766113
1954 3.78145170211792
1805 3.8943591117858887
1954 3.7793095111846924
1805 3.889770269393921
1954 3.77536678314209
1805 3.889864444732666
1954 3.7827227115631104
1805 3.8881635665893555
1954 3.7886953353881836
1805 3.9021613597869873
1954 3.787546157836914
1805 3.8905160427093506
1954 3.775855779647827
1805 3.8856687545776367
1954 3.7773444652557373
1805 3.878596544265747
