e-greedy
551 0.23762965202331543
356 0.24223899841308594
445 0.23787379264831543
334 0.24889183044433594
629 0.22269105911254883
464 0.23613715171813965
610 0.2242591381072998
451 0.24156665802001953
444 0.2386021614074707
340 0.24646282196044922
383 0.24086880683898926
370 0.24512887001037598
405 0.24360918998718262
542 0.2297523021697998
422 0.23586320877075195
439 0.23653531074523926
399 0.24437665939331055
384 0.2390575408935547
516 0.22922539710998535
543 0.22909855842590332
421 0.2394571304321289
432 0.23175740242004395
602 0.22416114807128906
406 0.23745417594909668
376 0.24480485916137695
438 0.24002981185913086
409 0.2391185760498047
599 0.22160720825195312
424 0.24300074577331543
368 0.2429797649383545
528 0.2280566692352295
437 0.23615360260009766
595 0.22578144073486328
382 0.2426304817199707
435 0.23871254920959473
405 0.23695063591003418
442 0.23456811904907227
427 0.24230265617370605
557 0.22835183143615723
497 0.2760124206542969
419 0.3444201946258545
322 0.3850233554840088
279 0.4627115726470947
306 0.5030655860900879
283 0.5636806488037109
265 0.6236693859100342
276 0.635411262512207
269 0.6966249942779541
267 0.7141571044921875
237 0.7369849681854248
253 0.7175676822662354
248 0.7342109680175781
273 0.7059481143951416
321 0.6728296279907227
298 0.685814380645752
272 0.70355224609375
247 0.7194325923919678
264 0.7077369689941406
281 0.6980555057525635
273 0.6960618495941162
251 0.7204587459564209
254 0.7301857471466064
263 0.7135765552520752
277 0.7078251838684082
264 0.7295932769775391
263 0.7085115909576416
281 0.6944239139556885
272 0.702040433883667
257 0.7141444683074951
270 0.7117807865142822
256 0.7118446826934814
267 0.7042632102966309
275 0.704277515411377
272 0.709212064743042
285 0.6941416263580322
258 0.7185585498809814
274 0.6984202861785889
257 0.7099766731262207
289 0.6889448165893555
245 0.7174680233001709
262 0.7160069942474365
259 0.7128801345825195
284 0.6956429481506348
249 0.724212646484375
271 0.7015366554260254
232 0.7313632965087891
271 0.7055015563964844
284 0.6998684406280518
250 0.7190132141113281
264 0.7086737155914307
289 0.694932222366333
272 0.7031476497650146
265 0.7103421688079834
260 0.7148475646972656
288 0.6848151683807373
262 0.7029917240142822
268 0.706385612487793
248 0.7141456604003906
222 0.7334198951721191
242 0.7203254699707031
238 0.7224640846252441
238 0.7177567481994629
273 0.6995329856872559
262 0.7086026668548584
247 0.7221543788909912
263 0.7056794166564941
233 0.7266027927398682
240 0.7177605628967285
264 0.7036490440368652
294 0.6819596290588379
218 0.7408344745635986
259 0.710089921951294
254 0.7109649181365967
272 0.7017712593078613
283 0.6966359615325928
247 0.7135021686553955
265 0.7100918292999268
259 0.7071845531463623
260 0.7139322757720947
221 0.7324831485748291
251 0.7158722877502441
249 0.7030460834503174
252 0.7212939262390137
252 0.7136416435241699
266 0.7009100914001465
252 0.7122151851654053
257 0.7093377113342285
261 0.713855504989624
242 0.7216508388519287
240 0.7171857357025146
265 0.7071621417999268
272 0.6939706802368164
279 0.6999592781066895
272 0.6947925090789795
251 0.7147374153137207
262 0.709646463394165
256 0.7118957042694092
260 0.7076435089111328
279 0.6854796409606934
281 0.6932108402252197
235 0.7308797836303711
235 0.7198209762573242
273 0.6984453201293945
274 0.700141429901123
246 0.7131459712982178
265 0.6983222961425781
253 0.7172152996063232
248 0.7177083492279053
251 0.7098031044006348
240 0.721653938293457
245 0.7194030284881592
284 0.6892850399017334
238 0.7189528942108154
291 0.694918155670166
253 0.7135212421417236
253 0.7064456939697266
283 0.6946027278900146
257 0.707921028137207
266 0.7014398574829102
251 0.7132396697998047
280 0.6946706771850586
254 0.7070739269256592
272 0.6980180740356445
255 0.7108864784240723
240 0.7241098880767822
257 0.7103826999664307
297 0.6839847564697266
240 0.7227780818939209
261 0.7025430202484131
249 0.7148478031158447
280 0.6990969181060791
263 0.7022318840026855
262 0.708876371383667
234 0.7229609489440918
275 0.6954185962677002
258 0.7072129249572754
294 0.6871922016143799
300 0.6766183376312256
281 0.6910383701324463
282 0.6960270404815674
274 0.6946587562561035
256 0.7083568572998047
272 0.7002041339874268
235 0.7192366123199463
232 0.7190020084381104
241 0.7237286567687988
221 0.7285013198852539
250 0.7148420810699463
255 0.7130982875823975
286 0.6829373836517334
274 0.7005457878112793
286 0.6875019073486328
273 0.6998562812805176
267 0.6979806423187256
265 0.7098240852355957
259 0.712435245513916
260 0.7122464179992676
251 0.7074184417724609
270 0.695310115814209
263 0.7002758979797363
258 0.7106316089630127
257 0.7031345367431641
271 0.7021834850311279
260 0.7068819999694824
279 0.6931366920471191
235 0.7226595878601074
304 0.6839158535003662
262 0.7037367820739746
240 0.7249512672424316
266 0.7020769119262695
275 0.6993474960327148
242 0.7203705310821533
269 0.7082483768463135
243 0.7228899002075195
253 0.708784818649292
268 0.6997714042663574
256 0.7092998027801514
254 0.7110750675201416
283 0.6981329917907715
258 0.71333909034729
250 0.7157869338989258
239 0.7303860187530518
255 0.712557315826416
284 0.6900413036346436
271 0.7083103656768799
225 0.72879958152771
257 0.7115364074707031
261 0.7126657962799072
238 0.7254459857940674
217 0.7333996295928955
354 0.6433525085449219
268 0.693476676940918
240 0.7275059223175049
226 0.7263853549957275
259 0.6966793537139893
243 0.720022439956665
268 0.7066247463226318
261 0.7037231922149658
262 0.7083091735839844
251 0.7139441967010498
271 0.6986193656921387
253 0.7114865779876709
224 0.7229478359222412
267 0.7006559371948242
272 0.6983423233032227
268 0.6967411041259766
270 0.7020728588104248
268 0.7002978324890137
251 0.7164368629455566
240 0.7248051166534424
249 0.706596851348877
254 0.7116129398345947
255 0.7096962928771973
261 0.7025799751281738
262 0.7107832431793213
247 0.7164547443389893
244 0.7225492000579834
247 0.7117979526519775
247 0.7066211700439453
267 0.6979851722717285
248 0.7169127464294434
246 0.7388556003570557
291 0.686093807220459
237 0.7215385437011719
249 0.7178878784179688
251 0.7141628265380859
240 0.7206985950469971
291 0.6841378211975098
251 0.7153785228729248
230 0.7215731143951416
266 0.7036609649658203
222 0.7264273166656494
264 0.7095556259155273
295 0.6790287494659424
230 0.7270667552947998
273 0.7014949321746826
256 0.7037246227264404
265 0.703380823135376
304 0.681002140045166
258 0.7037029266357422
251 0.7140970230102539
283 0.6928765773773193
249 0.717888355255127
257 0.7051742076873779
287 0.6885313987731934
271 0.7077865600585938
227 0.726564884185791
246 0.7174098491668701
253 0.706622838973999
245 0.7116055488586426
260 0.702979326248169
250 0.7152364253997803
255 0.7100951671600342
249 0.7139296531677246
261 0.7121758460998535
258 0.7090771198272705
276 0.6940526962280273
257 0.7109744548797607
285 0.6913824081420898
273 0.7014014720916748
261 0.7052068710327148
250 0.7103478908538818
230 0.7322661876678467
260 0.7112774848937988
299 0.6804788112640381
276 0.6850254535675049
262 0.7038137912750244
265 0.7043612003326416
262 0.719811201095581
261 0.7072665691375732
287 0.6921019554138184
261 0.7033171653747559
267 0.7034530639648438
253 0.7184090614318848
249 0.7142925262451172
262 0.7128524780273438
225 0.7303028106689453
258 0.7132506370544434
226 0.7249598503112793
260 0.7088818550109863
273 0.6969804763793945
261 0.7074844837188721
258 0.7055933475494385
262 0.7094516754150391
262 0.7148432731628418
252 0.7141733169555664
277 0.7001461982727051
273 0.696190595626831
240 0.7203013896942139
265 0.7093698978424072
254 0.7148301601409912
270 0.6964304447174072
274 0.7049860954284668
245 0.7190749645233154
257 0.7066018581390381
278 0.697390079498291
244 0.717026948928833
266 0.7051959037780762
279 0.6957993507385254
252 0.7146663665771484
228 0.7310135364532471
278 0.69132399559021
281 0.688673734664917
269 0.6939175128936768
265 0.7069871425628662
242 0.7247002124786377
265 0.7021071910858154
233 0.7257828712463379
283 0.7004179954528809
274 0.6917514801025391
235 0.7226073741912842
258 0.7084968090057373
257 0.7061920166015625
284 0.687809944152832
268 0.696483850479126
229 0.7238349914550781
263 0.7122299671173096
279 0.697206974029541
249 0.7178707122802734
265 0.7009830474853516
291 0.6869969367980957
247 0.7114574909210205
249 0.7212598323822021
277 0.7014286518096924
235 0.7223773002624512
293 0.6841332912445068
252 0.7145464420318604
255 0.706385612487793
240 0.7187526226043701
267 0.7048594951629639
263 0.7083725929260254
259 0.7104055881500244
246 0.714653491973877
242 0.7212750911712646
269 0.7033588886260986
265 0.7011597156524658
249 0.710099458694458
284 0.6853394508361816
267 0.6976923942565918
296 0.6746764183044434
248 0.7162694931030273
257 0.7020688056945801
255 0.7070589065551758
262 0.7036981582641602
238 0.712425947189331
301 0.6704142093658447
251 0.7094020843505859
283 0.6836438179016113
279 0.6885602474212646
264 0.7013707160949707
274 0.6951820850372314
255 0.7042765617370605
251 0.7111711502075195
268 0.6967673301696777
257 0.7025630474090576
242 0.7103955745697021
316 0.6611762046813965
276 0.6920194625854492
254 0.7077145576477051
256 0.7039039134979248
255 0.7022945880889893
262 0.7018477916717529
269 0.6989095211029053
243 0.7122609615325928
274 0.7024397850036621
247 0.7154843807220459
253 0.7182166576385498
279 0.6964631080627441
291 0.6845672130584717
257 0.7067208290100098
296 0.6891663074493408
249 0.7085611820220947
262 0.7044644355773926
245 0.7162489891052246
251 0.7075481414794922
270 0.6975314617156982
277 0.7004740238189697
251 0.7167797088623047
251 0.7129361629486084
256 0.7134103775024414
259 0.704460859298706
261 0.7384529113769531
258 0.7115471363067627
249 0.7074582576751709
278 0.6865682601928711
242 0.7261562347412109
227 0.7315270900726318
244 0.7143800258636475
286 0.6841304302215576
249 0.7167620658874512
265 0.707409143447876
340 0.6534008979797363
273 0.7002043724060059
245 0.7069270610809326
265 0.7049961090087891
285 0.69441819190979
253 0.7072803974151611
267 0.7009415626525879
270 0.7053663730621338
258 0.7062501907348633
268 0.7047522068023682
252 0.7203235626220703
269 0.7043068408966064
262 0.7078442573547363
271 0.7008867263793945
262 0.6997976303100586
250 0.7164466381072998
253 0.712470293045044
272 0.700584888458252
270 0.70157790184021
249 0.7176344394683838
246 0.7149226665496826
288 0.6916646957397461
251 0.7164859771728516
279 0.6966922283172607
289 0.6912684440612793
259 0.7058689594268799
245 0.7148904800415039
258 0.7119688987731934
268 0.7019779682159424
244 0.7152161598205566
251 0.7137458324432373
248 0.7115626335144043
267 0.7078952789306641
277 0.7038922309875488
293 0.6841270923614502
278 0.7001786231994629
254 0.7058625221252441
232 0.7211198806762695
281 0.6962342262268066
250 0.721968412399292
267 0.702033519744873
250 0.7124731540679932
282 0.6943387985229492
286 0.6907148361206055
277 0.6929266452789307
265 0.7103531360626221
287 0.690270185470581
284 0.6968066692352295
257 0.7045917510986328
258 0.7075738906860352
258 0.7068479061126709
235 0.7260966300964355
237 0.7250049114227295
265 0.7048871517181396
272 0.698603630065918
295 0.6855614185333252
272 0.6968333721160889
273 0.6964349746704102
254 0.7094757556915283
279 0.696688175201416
277 0.6893553733825684
256 0.7097883224487305
225 0.7223775386810303
261 0.699150800704956
234 0.7289352416992188
273 0.6985130310058594
252 0.7088427543640137
276 0.6971726417541504
252 0.7125482559204102
272 0.696075439453125
271 0.7021501064300537
260 0.715158224105835
276 0.6976327896118164
261 0.7045679092407227
251 0.7099065780639648
238 0.7189531326293945
263 0.7184958457946777
270 0.6976585388183594
243 0.7193644046783447
268 0.7015371322631836
262 0.705662727355957
262 0.7053325176239014
258 0.7049593925476074
240 0.7090249061584473
249 0.7092993259429932
272 0.6954853534698486
255 0.7025625705718994
296 0.6756598949432373
281 0.6972732543945312
269 0.6966977119445801
273 0.7066261768341064
265 0.7055156230926514
284 0.6873037815093994
247 0.7125167846679688
251 0.7142047882080078
251 0.7136399745941162
308 0.672844648361206
225 0.7290811538696289
272 0.7039012908935547
274 0.6905875205993652
264 0.7100982666015625
252 0.7122271060943604
237 0.7184431552886963
254 0.712390661239624
234 0.7255146503448486
237 0.7215006351470947
259 0.7148370742797852
264 0.7110295295715332
264 0.7056500911712646
247 0.7143855094909668
253 0.7142653465270996
245 0.7084336280822754
259 0.716691255569458
272 0.698326587677002
255 0.7158184051513672
217 0.7360029220581055
264 0.7038359642028809
235 0.721790075302124
259 0.7133517265319824
256 0.7081897258758545
237 0.7189826965332031
246 0.7399752140045166
254 0.7066636085510254
270 0.7055263519287109
252 0.7143640518188477
266 0.6974296569824219
288 0.6907265186309814
254 0.7102780342102051
263 0.699429988861084
245 0.7151031494140625
249 0.7230522632598877
264 0.6961886882781982
243 0.7122466564178467
257 0.7114989757537842
273 0.6950676441192627
261 0.7019643783569336
264 0.7067215442657471
239 0.7239773273468018
262 0.7052667140960693
274 0.6940624713897705
289 0.6888327598571777
231 0.7362899780273438
252 0.7109646797180176
250 0.7176220417022705
263 0.7038578987121582
276 0.6917665004730225
276 0.6908664703369141
312 0.6795117855072021
239 0.7205727100372314
275 0.6985077857971191
241 0.7547652721405029
254 0.7102553844451904
231 0.7234129905700684
256 0.7146997451782227
249 0.7163345813751221
262 0.7036771774291992
263 0.704143762588501
256 0.7073180675506592
253 0.7045464515686035
288 0.6761207580566406
243 0.7139158248901367
296 0.6800479888916016
284 0.681318998336792
247 0.7174556255340576
258 0.7027862071990967
276 0.6960465908050537
272 0.6964671611785889
267 0.7027411460876465
245 0.7202646732330322
265 0.7040154933929443
267 0.7049612998962402
263 0.699533224105835
241 0.7245581150054932
253 0.7070343494415283
271 0.7002339363098145
255 0.7093307971954346
250 0.713820219039917
253 0.7041723728179932
251 0.7092006206512451
252 0.7098515033721924
289 0.6845793724060059
266 0.7011444568634033
274 0.6935303211212158
263 0.706434965133667
272 0.7067873477935791
256 0.7155084609985352
259 0.7077510356903076
259 0.7100849151611328
273 0.6952109336853027
289 0.6919577121734619
257 0.7199099063873291
251 0.7192075252532959
265 0.7108786106109619
235 0.7239344120025635
255 0.7168667316436768
276 0.6899147033691406
274 0.6935601234436035
270 0.6978847980499268
269 0.704822301864624
281 0.6917636394500732
271 0.705150842666626
275 0.6965117454528809
269 0.6996734142303467
244 0.7191638946533203
267 0.7033729553222656
274 0.699537992477417
281 0.6920504570007324
254 0.7177352905273438
267 0.7044963836669922
286 0.6876304149627686
288 0.717679500579834
273 0.6998820304870605
268 0.6994171142578125
234 0.7236387729644775
268 0.7070035934448242
306 0.6723461151123047
259 0.7118492126464844
247 0.7209658622741699
267 0.7003633975982666
260 0.7085874080657959
271 0.7117207050323486
254 0.7163150310516357
232 0.7287154197692871
241 0.7143113613128662
259 0.708376407623291
234 0.7212824821472168
244 0.7237353324890137
273 0.6996026039123535
262 0.6986994743347168
265 0.7025470733642578
255 0.7107806205749512
255 0.7052097320556641
258 0.7139489650726318
271 0.6961536407470703
279 0.7002859115600586
259 0.7084207534790039
257 0.7033226490020752
275 0.6957321166992188
265 0.703970193862915
228 0.731503963470459
253 0.7092552185058594
239 0.7190163135528564
264 0.7006258964538574
267 0.7028448581695557
249 0.7197322845458984
279 0.6916625499725342
270 0.6976573467254639
270 0.7023632526397705
261 0.7035610675811768
250 0.7148857116699219
239 0.7200078964233398
251 0.7032291889190674
264 0.703618049621582
252 0.7155718803405762
248 0.7158145904541016
259 0.7029926776885986
251 0.7085826396942139
265 0.6983156204223633
262 0.7033584117889404
257 0.7016375064849854
258 0.7005672454833984
266 0.7021968364715576
269 0.706195592880249
266 0.7106831073760986
254 0.709578275680542
280 0.6911945343017578
257 0.7084600925445557
256 0.7054462432861328
242 0.7211217880249023
252 0.7099893093109131
227 0.7653846740722656
250 0.7130823135375977
245 0.7115788459777832
276 0.6957907676696777
249 0.7189013957977295
272 0.7063207626342773
251 0.7095394134521484
299 0.6849474906921387
256 0.7112302780151367
243 0.7130200862884521
258 0.7091057300567627
250 0.7103633880615234
248 0.7120420932769775
255 0.7047522068023682
251 0.7160093784332275
247 0.7169702053070068
269 0.7051651477813721
226 0.731151819229126
269 0.706336259841919
306 0.6730332374572754
260 0.7062685489654541
270 0.6995749473571777
256 0.7145161628723145
269 0.7020289897918701
245 0.7183914184570312
260 0.7068085670471191
292 0.688082218170166
237 0.7209155559539795
247 0.7217562198638916
300 0.6891329288482666
255 0.7119443416595459
250 0.7114665508270264
269 0.7008216381072998
236 0.7158629894256592
243 0.7225520610809326
267 0.7035975456237793
260 0.7017927169799805
255 0.7085189819335938
249 0.7118687629699707
248 0.7112729549407959
250 0.7532520294189453
248 0.7123804092407227
284 0.6938698291778564
267 0.6987705230712891
243 0.7149965763092041
275 0.6919724941253662
245 0.7264606952667236
284 0.6971554756164551
303 0.674950122833252
258 0.708899736404419
243 0.7152411937713623
273 0.6897640228271484
275 0.7033665180206299
240 0.711810827255249
260 0.7101590633392334
271 0.6969256401062012
257 0.7037968635559082
292 0.6852827072143555
248 0.7173726558685303
232 0.727567195892334
275 0.7315046787261963
260 0.7060272693634033
259 0.7071199417114258
248 0.7166447639465332
270 0.7074778079986572
252 0.715714693069458
256 0.7129373550415039
250 0.7161638736724854
236 0.7261533737182617
267 0.7008728981018066
274 0.7012012004852295
278 0.692739725112915
267 0.7041504383087158
267 0.698803186416626
234 0.7209022045135498
249 0.715280294418335
246 0.7213089466094971
273 0.7082347869873047
240 0.7211441993713379
239 0.7200756072998047
248 0.7182180881500244
258 0.7047262191772461
257 0.7108108997344971
269 0.6991074085235596
272 0.7078070640563965
257 0.7131545543670654
257 0.7092282772064209
271 0.7018332481384277
289 0.69077467918396
252 0.7129826545715332
251 0.7105081081390381
262 0.7054905891418457
267 0.7011456489562988
280 0.6863987445831299
241 0.7236528396606445
297 0.6858539581298828
286 0.6890814304351807
268 0.7035229206085205
253 0.7106993198394775
242 0.7213666439056396
278 0.7023899555206299
241 0.7237286567687988
237 0.7226564884185791
260 0.7062835693359375
266 0.6979665756225586
259 0.7114133834838867
225 0.7358882427215576
312 0.6778264045715332
234 0.7242538928985596
280 0.6938276290893555
258 0.7078731060028076
265 0.7055819034576416
267 0.7030181884765625
292 0.6916077136993408
294 0.6913924217224121
310 0.6776831150054932
256 0.7059049606323242
275 0.6947414875030518
251 0.7182149887084961
270 0.6985478401184082
281 0.6974482536315918
251 0.7125990390777588
280 0.6951205730438232
257 0.7075352668762207
246 0.7214415073394775
261 0.7104337215423584
267 0.7065668106079102
266 0.6997830867767334
246 0.7197771072387695
284 0.6953299045562744
237 0.7197725772857666
276 0.7090425491333008
252 0.7122402191162109
289 0.6858246326446533
272 0.6982192993164062
281 0.6904361248016357
244 0.7240848541259766
272 0.6998662948608398
252 0.7191305160522461
256 0.7044839859008789
282 0.696474552154541
250 0.7113742828369141
266 0.7092220783233643
260 0.7065248489379883
240 0.7233424186706543
271 0.6985394954681396
262 0.7012326717376709
262 0.7099366188049316
275 0.6986584663391113
266 0.705214262008667
266 0.7003083229064941
231 0.7290446758270264
256 0.7075645923614502
251 0.7129251956939697
283 0.7030243873596191
267 0.6989610195159912
265 0.6978616714477539
276 0.6970055103302002
275 0.6884908676147461
254 0.711397647857666
259 0.7194199562072754
237 0.7281641960144043
258 0.7074823379516602
268 0.7013499736785889
280 0.6943140029907227
240 0.7265443801879883
236 0.733426570892334
248 0.7125496864318848
262 0.7063300609588623
277 0.6957180500030518
242 0.7205166816711426
256 0.7108490467071533
272 0.6956882476806641
237 0.725696325302124
251 0.7179522514343262
255 0.7127666473388672
244 0.716789722442627
252 0.7201488018035889
266 0.7100257873535156
241 0.7179830074310303
239 0.7220125198364258
219 0.7382984161376953
290 0.6881802082061768
254 0.7124230861663818
259 0.7181684970855713
244 0.715911865234375
264 0.7066800594329834
282 0.6905007362365723
243 0.7236418724060059
255 0.7084081172943115
247 0.7263720035552979
249 0.7183513641357422
272 0.7051558494567871
259 0.707430362701416
241 0.7151131629943848
264 0.7082583904266357
258 0.714698076248169
249 0.7208406925201416
291 0.693657636642456
273 0.701451301574707
250 0.7079277038574219
279 0.6859860420227051
268 0.7078893184661865
249 0.7143874168395996
236 0.7242648601531982
284 0.687021017074585
254 0.7114508152008057
257 0.711083173751831
247 0.7203381061553955
253 0.7162704467773438
293 0.6837432384490967
276 0.6956284046173096
242 0.7190375328063965
270 0.6982173919677734
248 0.716088056564331
240 0.7223243713378906
271 0.6970930099487305
249 0.7106978893280029
281 0.6945264339447021
252 0.7158334255218506
243 0.7282826900482178
279 0.6955554485321045
241 0.7220339775085449
242 0.7259800434112549
272 0.7063047885894775
306 0.6763865947723389
261 0.710625410079956
283 0.6910772323608398
225 0.7353527545928955
255 0.7064812183380127
255 0.7084770202636719
265 0.7033247947692871
269 0.7019448280334473
256 0.7072274684906006
265 0.7014434337615967
245 0.7224404811859131
267 0.7009356021881104
257 0.7061901092529297
242 0.7212064266204834
277 0.7008745670318604
267 0.7125108242034912
259 0.70587158203125
257 0.7106587886810303
263 0.7051618099212646
237 0.7241308689117432
262 0.7088537216186523
267 0.6982715129852295
268 0.6975173950195312
257 0.7038376331329346
225 0.7289345264434814
250 0.712031364440918
253 0.7138798236846924
254 0.7053616046905518
293 0.6882779598236084
234 0.7175021171569824
253 0.7101690769195557
242 0.7194948196411133
267 0.7057206630706787
228 0.7348122596740723
275 0.6957523822784424
270 0.7050838470458984
254 0.7105309963226318
236 0.7290225028991699
252 0.7106389999389648
251 0.716162919998169
290 0.6878323554992676
264 0.7025201320648193
289 0.686398983001709
257 0.7178666591644287
254 0.70574951171875
308 0.6779863834381104
265 0.6976001262664795
260 0.7093098163604736
237 0.7206063270568848
243 0.7213349342346191
258 0.7056522369384766
270 0.6941933631896973
261 0.702622652053833
261 0.7068848609924316
260 0.7075371742248535
245 0.7529146671295166
263 0.7109344005584717
271 0.7040305137634277
268 0.7029097080230713
289 0.6828329563140869
283 0.6943085193634033
269 0.6954820156097412
242 0.7199790477752686
293 0.684450626373291
252 0.7197206020355225
267 0.70509934425354
261 0.7016279697418213
267 0.7135369777679443
260 0.6981587409973145
253 0.7139694690704346
282 0.6927511692047119
266 0.7058537006378174
275 0.6942191123962402
236 0.7345917224884033
294 0.6901950836181641
259 0.7115809917449951
268 0.7027163505554199
268 0.7002763748168945
225 0.7361111640930176
265 0.7146098613739014
266 0.7087321281433105
321 0.6709079742431641
243 0.7185533046722412
257 0.717414379119873
247 0.7121922969818115
241 0.7245919704437256
259 0.7119350433349609
245 0.7151317596435547
256 0.7065043449401855
290 0.6883609294891357
265 0.7063632011413574
248 0.7164478302001953
254 0.7138183116912842
262 0.7073142528533936
230 0.7311170101165771
279 0.6978111267089844
278 0.6910548210144043
265 0.7064530849456787
264 0.7069387435913086
256 0.7058439254760742
262 0.7086226940155029
281 0.6979074478149414
236 0.7233285903930664
272 0.7037534713745117
277 0.6950418949127197
253 0.7145116329193115
253 0.7137935161590576
242 0.72076416015625
251 0.7146773338317871
251 0.716834306716919
253 0.7091710567474365
288 0.6860918998718262
278 0.6951663494110107
279 0.6960330009460449
294 0.6809296607971191
259 0.7092447280883789
275 0.6959304809570312
266 0.7063694000244141
258 0.7076385021209717
249 0.7119793891906738
230 0.7273364067077637
260 0.7113370895385742
265 0.7041463851928711
273 0.7020645141601562
262 0.7092077732086182
293 0.6778914928436279
260 0.7126545906066895
249 0.7083225250244141
271 0.7053256034851074
237 0.7220826148986816
278 0.6913354396820068
263 0.7145583629608154
267 0.6995162963867188
302 0.6796822547912598
269 0.7000055313110352
260 0.7123537063598633
257 0.7081649303436279
247 0.7190279960632324
284 0.6946120262145996
255 0.7157735824584961
232 0.7293887138366699
264 0.6992642879486084
280 0.6886789798736572
275 0.6948792934417725
240 0.7208499908447266
262 0.7093582153320312
245 0.7213084697723389
265 0.7041845321655273
224 0.7290868759155273
288 0.6953814029693604
236 0.7117142677307129
264 0.7122948169708252
276 0.6988086700439453
248 0.7097394466400146
268 0.6949412822723389
271 0.7025156021118164
257 0.7014098167419434
250 0.7196817398071289
256 0.7033815383911133
233 0.7280974388122559
279 0.6898257732391357
279 0.6938002109527588
258 0.7038857936859131
243 0.7218763828277588
295 0.6763198375701904
260 0.7042524814605713
261 0.7042074203491211
311 0.6760883331298828
260 0.712303876876831
250 0.7154803276062012
267 0.703014612197876
263 0.7072923183441162
279 0.6975457668304443
279 0.7021596431732178
257 0.7013776302337646
260 0.7177555561065674
258 0.705237865447998
241 0.7147955894470215
258 0.7091646194458008
262 0.6974096298217773
257 0.7126381397247314
273 0.7016949653625488
297 0.6792364120483398
270 0.7035293579101562
238 0.7191832065582275
264 0.7032804489135742
273 0.6977448463439941
281 0.7010307312011719
272 0.6974315643310547
250 0.7127079963684082
273 0.7002992630004883
268 0.7051146030426025
260 0.7079572677612305
259 0.7152955532073975
252 0.7159318923950195
250 0.7189292907714844
284 0.6852567195892334
256 0.7096717357635498
252 0.7161884307861328
275 0.7086482048034668
272 0.6960628032684326
272 0.7011184692382812
258 0.7129065990447998
252 0.7164881229400635
259 0.7281951904296875
253 0.718989372253418
250 0.7160003185272217
248 0.7166643142700195
291 0.6834723949432373
258 0.7011895179748535
253 0.7093052864074707
277 0.6969845294952393
271 0.701484203338623
265 0.7038421630859375
234 0.7314696311950684
271 0.6991214752197266
264 0.7032344341278076
252 0.720196008682251
248 0.7161049842834473
255 0.705963134765625
247 0.7209746837615967
227 0.7300682067871094
255 0.7083148956298828
270 0.7031197547912598
282 0.6937167644500732
262 0.7104020118713379
243 0.7201828956604004
254 0.7156717777252197
244 0.7204296588897705
279 0.7031347751617432
250 0.7138879299163818
245 0.7177796363830566
254 0.7125043869018555
246 0.7180614471435547
255 0.7091169357299805
257 0.7153759002685547
262 0.7082633972167969
239 0.7205040454864502
252 0.7116665840148926
238 0.7210879325866699
247 0.7119402885437012
256 0.7164442539215088
308 0.6706387996673584
235 0.7237896919250488
249 0.7197904586791992
262 0.711867094039917
246 0.7103641033172607
256 0.7156050205230713
288 0.695622444152832
248 0.705416202545166
244 0.7192575931549072
286 0.6916050910949707
280 0.6910066604614258
249 0.7180345058441162
261 0.7086443901062012
284 0.6962523460388184
280 0.6892387866973877
272 0.6940994262695312
255 0.7082343101501465
280 0.7038669586181641
278 0.7034304141998291
235 0.7271604537963867
257 0.7080812454223633
278 0.6923871040344238
255 0.7082107067108154
282 0.6983933448791504
293 0.6906123161315918
283 0.6839661598205566
265 0.7058475017547607
269 0.7009491920471191
264 0.701406717300415
265 0.7094111442565918
228 0.7296533584594727
269 0.7030694484710693
264 0.6957459449768066
245 0.714148759841919
264 0.7048652172088623
257 0.7186753749847412
304 0.67793869972229
270 0.6999123096466064
278 0.6994917392730713
243 0.7212154865264893
255 0.7254321575164795
259 0.7069625854492188
251 0.7168416976928711
277 0.6971359252929688
265 0.7029449939727783
243 0.7166686058044434
287 0.6956007480621338
224 0.7250649929046631
243 0.7211394309997559
259 0.7010350227355957
236 0.7247991561889648
256 0.7073829174041748
295 0.6815886497497559
250 0.7104606628417969
248 0.7151033878326416
261 0.6962931156158447
270 0.7000494003295898
259 0.7057547569274902
261 0.7120888233184814
245 0.7174293994903564
288 0.6885495185852051
295 0.6833629608154297
246 0.7236058712005615
293 0.6931099891662598
277 0.7006099224090576
242 0.7211172580718994
302 0.6752164363861084
288 0.6845710277557373
293 0.6817524433135986
262 0.7056875228881836
273 0.6998131275177002
238 0.7229843139648438
245 0.7174077033996582
271 0.7043535709381104
247 0.7135269641876221
265 0.701265811920166
232 0.7329432964324951
246 0.7133808135986328
260 0.7131285667419434
258 0.7130289077758789
235 0.7243640422821045
242 0.7243819236755371
237 0.7220158576965332
254 0.7139780521392822
269 0.7066152095794678
259 0.7088658809661865
253 0.715461015701294
274 0.6978094577789307
251 0.7216722965240479
251 0.7172517776489258
265 0.7128355503082275
266 0.7009634971618652
255 0.7135686874389648
274 0.6896021366119385
259 0.7139346599578857
264 0.7093632221221924
228 0.7355701923370361
253 0.7072415351867676
244 0.7224280834197998
231 0.7241106033325195
235 0.7277169227600098
242 0.7240622043609619
226 0.7303969860076904
269 0.7011075019836426
255 0.710132360458374
252 0.7122166156768799
249 0.7262563705444336
253 0.7158522605895996
279 0.6940441131591797
230 0.7217867374420166
252 0.7122669219970703
240 0.7203667163848877
260 0.7115716934204102
277 0.7262639999389648
279 0.6946680545806885
283 0.6928222179412842
247 0.7147395610809326
266 0.7017459869384766
290 0.6929218769073486
268 0.7026991844177246
268 0.7024736404418945
245 0.7221879959106445
282 0.6897633075714111
267 0.7022414207458496
280 0.6914806365966797
250 0.712238073348999
242 0.7250077724456787
237 0.717233419418335
239 0.7184522151947021
301 0.6812422275543213
266 0.69903564453125
274 0.6975724697113037
258 0.7097711563110352
250 0.7457931041717529
262 0.7117893695831299
268 0.7055947780609131
245 0.7254438400268555
292 0.6876003742218018
266 0.6988868713378906
273 0.6971516609191895
289 0.6872930526733398
286 0.6902990341186523
252 0.7176854610443115
273 0.696453332901001
269 0.7017316818237305
245 0.7232177257537842
283 0.691864013671875
244 0.7162575721740723
263 0.7212703227996826
243 0.7137367725372314
235 0.7238352298736572
272 0.7026824951171875
244 0.715733528137207
249 0.7191014289855957
243 0.7179315090179443
270 0.7045390605926514
299 0.6852705478668213
268 0.7025861740112305
231 0.7216124534606934
227 0.7320845127105713
254 0.7159125804901123
284 0.6920373439788818
242 0.7177248001098633
275 0.6973574161529541
263 0.707256555557251
278 0.6948206424713135
269 0.7059376239776611
257 0.7107763290405273
269 0.708066463470459
262 0.6988499164581299
261 0.7092387676239014
266 0.7029595375061035
242 0.7284297943115234
266 0.7065150737762451
275 0.6923584938049316
272 0.6962683200836182
265 0.6977441310882568
259 0.7081522941589355
251 0.7207462787628174
256 0.7094531059265137
272 0.6950175762176514
258 0.7114400863647461
276 0.6951282024383545
271 0.7007534503936768
270 0.6997747421264648
255 0.7109463214874268
272 0.696284294128418
234 0.7241761684417725
267 0.6986329555511475
255 0.7095668315887451
263 0.7098820209503174
282 0.6909871101379395
251 0.7145562171936035
282 0.6921393871307373
253 0.7126758098602295
280 0.6916124820709229
255 0.7158627510070801
264 0.7063891887664795
267 0.7068760395050049
241 0.7159619331359863
243 0.7166922092437744
261 0.7119922637939453
267 0.7106027603149414
281 0.6963450908660889
261 0.7035050392150879
297 0.682183027267456
274 0.6984853744506836
239 0.7223291397094727
249 0.7132167816162109
300 0.6796247959136963
251 0.7117071151733398
261 0.7041604518890381
267 0.7041504383087158
240 0.7153997421264648
278 0.6971139907836914
277 0.6939704418182373
285 0.6905355453491211
268 0.7049415111541748
276 0.6989538669586182
246 0.7169332504272461
254 0.7087957859039307
255 0.7090659141540527
263 0.7086899280548096
273 0.7003462314605713
262 0.7035856246948242
254 0.7001345157623291
246 0.7241084575653076
277 0.6948871612548828
259 0.7105307579040527
250 0.7144181728363037
248 0.712677001953125
268 0.7050981521606445
281 0.6917860507965088
261 0.7171533107757568
248 0.7066805362701416
293 0.6870033740997314
288 0.6854698657989502
249 0.7118492126464844
243 0.7171547412872314
259 0.7073936462402344
237 0.7243447303771973
264 0.7088356018066406
276 0.6939599514007568
244 0.7171645164489746
257 0.7154719829559326
302 0.6771631240844727
273 0.6990599632263184
272 0.6996071338653564
265 0.7012591361999512
265 0.6996316909790039
250 0.7186143398284912
248 0.712242603302002
246 0.716881513595581
261 0.7429676055908203
241 0.7144529819488525
248 0.7155272960662842
248 0.719470739364624
259 0.708794355392456
254 0.7051830291748047
269 0.6994576454162598
286 0.6884582042694092
267 0.698291540145874
253 0.7088656425476074
276 0.6965248584747314
247 0.7118513584136963
258 0.7132518291473389
229 0.7200350761413574
251 0.7111270427703857
271 0.7020690441131592
283 0.6975834369659424
247 0.7198178768157959
263 0.70257568359375
235 0.7124216556549072
244 0.7426128387451172
295 0.6908366680145264
249 0.7167632579803467
242 0.7187743186950684
256 0.7183494567871094
233 0.7308297157287598
255 0.7122509479522705
276 0.7013363838195801
295 0.6842544078826904
265 0.7077724933624268
253 0.7073209285736084
271 0.6978023052215576
254 0.7091176509857178
250 0.7176964282989502
238 0.7258832454681396
283 0.6896412372589111
248 0.7153587341308594
271 0.7011246681213379
238 0.7225604057312012
258 0.7105040550231934
256 0.7144722938537598
272 0.6999928951263428
267 0.7068085670471191
258 0.7107071876525879
263 0.6990966796875
273 0.7041094303131104
273 0.7023880481719971
245 0.7174079418182373
259 0.7045209407806396
257 0.7067139148712158
252 0.7138509750366211
258 0.7124185562133789
248 0.7195038795471191
263 0.7099034786224365
279 0.6866850852966309
264 0.7064776420593262
246 0.7128510475158691
251 0.7177708148956299
260 0.7061059474945068
239 0.7252414226531982
280 0.6961891651153564
266 0.7061853408813477
277 0.6881754398345947
270 0.7021992206573486
257 0.6962571144104004
251 0.7122852802276611
253 0.7245047092437744
275 0.6913955211639404
243 0.709204912185669
270 0.7090106010437012
261 0.7079017162322998
251 0.7129852771759033
279 0.6964850425720215
251 0.7144138813018799
237 0.7204740047454834
295 0.6891264915466309
284 0.6939396858215332
266 0.702225923538208
271 0.7039074897766113
250 0.7156565189361572
252 0.7169766426086426
251 0.7187907695770264
258 0.7069270610809326
223 0.739464282989502
243 0.7269575595855713
241 0.7299501895904541
302 0.6742954254150391
243 0.7222280502319336
229 0.7297005653381348
271 0.6971569061279297
271 0.6999034881591797
261 0.7067830562591553
246 0.7123966217041016
309 0.6746847629547119
263 0.7014274597167969
271 0.701385498046875
239 0.7182521820068359
257 0.7067337036132812
260 0.7048623561859131
258 0.7103548049926758
256 0.7117738723754883
256 0.7152533531188965
284 0.6915066242218018
273 0.6986992359161377
245 0.7154083251953125
231 0.727208137512207
262 0.7090332508087158
283 0.6919736862182617
314 0.6703839302062988
259 0.7078423500061035
250 0.7102108001708984
260 0.7105605602264404
269 0.6937282085418701
237 0.7257242202758789
250 0.7112352848052979
281 0.7117276191711426
254 0.7192931175231934
268 0.7077116966247559
260 0.7085542678833008
242 0.717257022857666
226 0.7280659675598145
273 0.6984686851501465
239 0.7181413173675537
247 0.7177622318267822
259 0.72922682762146
241 0.7182965278625488
286 0.6855902671813965
239 0.7177982330322266
258 0.71327805519104
296 0.6883511543273926
245 0.7216384410858154
288 0.6911463737487793
266 0.7067203521728516
287 0.7085185050964355
251 0.7140209674835205
251 0.716606616973877
262 0.708857536315918
267 0.7052080631256104
261 0.7093193531036377
245 0.7125699520111084
245 0.717444896697998
255 0.7173495292663574
267 0.7151975631713867
275 0.6980273723602295
229 0.73012375831604
267 0.7022478580474854
273 0.6891624927520752
264 0.7114360332489014
248 0.7191150188446045
268 0.701361894607544
268 0.7040266990661621
244 0.7213623523712158
252 0.7107653617858887
275 0.7036299705505371
260 0.712862491607666
254 0.710637092590332
260 0.7037820816040039
274 0.6977260112762451
246 0.7161664962768555
257 0.7148399353027344
250 0.7205681800842285
254 0.7138059139251709
285 0.6956737041473389
250 0.7106409072875977
266 0.69411301612854
261 0.7066731452941895
265 0.699561595916748
277 0.694068193435669
291 0.6904432773590088
233 0.7206616401672363
273 0.7038497924804688
266 0.7088437080383301
244 0.7191681861877441
285 0.6923713684082031
300 0.6806197166442871
271 0.7049880027770996
279 0.6981749534606934
254 0.7216784954071045
284 0.6859626770019531
245 0.7135140895843506
260 0.7111589908599854
239 0.7208964824676514
250 0.7097427845001221
264 0.7113158702850342
245 0.7259218692779541
253 0.7146816253662109
259 0.7154426574707031
291 0.6843767166137695
253 0.7041027545928955
272 0.7014913558959961
262 0.7079668045043945
268 0.702803373336792
263 0.7089905738830566
258 0.7056000232696533
267 0.7042961120605469
267 0.70853590965271
282 0.6996152400970459
239 0.7183964252471924
263 0.7022280693054199
301 0.6783754825592041
261 0.7038381099700928
257 0.7080638408660889
254 0.7142603397369385
249 0.7130568027496338
262 0.703986406326294
267 0.6994640827178955
259 0.7035667896270752
263 0.7067368030548096
260 0.7014026641845703
235 0.7275724411010742
260 0.7020881175994873
235 0.721642017364502
257 0.7112705707550049
258 0.7232778072357178
263 0.7105977535247803
263 0.7090787887573242
249 0.7185964584350586
239 0.726050853729248
252 0.7104959487915039
243 0.7319624423980713
245 0.7174417972564697
258 0.7115402221679688
267 0.6987991333007812
242 0.71724534034729
274 0.7020878791809082
288 0.6925678253173828
260 0.7008662223815918
249 0.7198333740234375
246 0.716576337814331
260 0.7066359519958496
261 0.6990773677825928
259 0.7112677097320557
267 0.6981520652770996
259 0.7082407474517822
289 0.6925318241119385
273 0.704345703125
275 0.6937875747680664
287 0.6933622360229492
259 0.7073674201965332
271 0.7096831798553467
274 0.6971869468688965
